article	number of edits
(18205438,)	47
(18202047,)	1
(18209841,)	1
(18213223,)	8
(18200512,)	1
(18197083,)	2
(18212481,)	1
(18213702,)	19
(18207752,)	90
(18206975,)	1
(18213132,)	1
(18198041,)	6
(18203828,)	2
(18211613,)	23
(18201667,)	1
(18216272,)	1
(18213867,)	3
(18207933,)	3
(18205512,)	17
(18196208,)	3
(18209931,)	2
(18218765,)	32
(18198222,)	1
(18223503,)	32
(18199578,)	21
(18204958,)	7
(18209617,)	8
(18218451,)	244
(18223214,)	2
(18199264,)	10
(18206486,)	1
(18202327,)	3
(18205693,)	6
(18207049,)	1
(18215883,)	20
(18224742,)	1
(18221272,)	1
(18198387,)	2
(18203918,)	1
(18197338,)	11
(18212736,)	49
(18213982,)	23
(18200708,)	1
(18223123,)	23
(18200238,)	2
(18212463,)	51
(18205602,)	4
(18207230,)	1
(18224651,)	1
(18209228,)	12
(18198296,)	21
(18208758,)	20
(18206081,)	11
(18207709,)	3
(18213098,)	34
(18224337,)	19
(18217517,)	76
(18204759,)	1
(18224816,)	3
(18212058,)	3
(18207618,)	2
(18214056,)	2
(18219843,)	3
(18209897,)	1
(18222890,)	4
(18205717,)	1
(18207329,)	2
(18204924,)	2
(18213758,)	3
(18197618,)	63
(18205403,)	7
(18211190,)	2
(18209822,)	5
(18224427,)	3
(18205882,)	6
(18207254,)	1
(18204833,)	10
(18213667,)	3
(18209508,)	131
(18197543,)	29
(18205312,)	7
(18211099,)	1
(18208938,)	6
(18223559,)	3
(18207419,)	3
(18214881,)	16
(18210466,)	5
(18213832,)	4
(18195710,)	2
(18215204,)	25
(18200113,)	1
(18207898,)	522
(18205493,)	9
(18217937,)	2
(18197138,)	73
(18207584,)	2
(18200764,)	6
(18216418,)	22
(18222600,)	12
(18199245,)	25
(18206707,)	3
(18208079,)	123
(18205658,)	8
(18214517,)	79
(18207030,)	1
(18215848,)	1
(18199724,)	2
(18197319,)	4
(18206137,)	9
(18205088,)	8
(18200203,)	35
(18197798,)	2
(18207195,)	3
(18196279,)	1
(18210242,)	2
(18215005,)	1078
(18223839,)	50
(18205294,)	6
(18207674,)	1
(18195965,)	182
(18205773,)	57
(18204724,)	7
(18207104,)	3
(18213558,)	19
(18205203,)	6
(18206831,)	1
(18216698,)	33
(18213244,)	1
(18222078,)	1
(18203684,)	1
(18223434,)	1
(18200549,)	1
(18197104,)	14
(18203370,)	24
(18206740,)	2
(18210043,)	1
(18218877,)	1
(18223615,)	13
(18197029,)	2
(18212683,)	2
(18207475,)	3
(18210522,)	1
(18209473,)	3
(18197508,)	4
(18205549,)	8
(18211320,)	19
(18217737,)	3
(18206028,)	9
(18204979,)	2
(18210447,)	147
(18222656,)	3
(18207879,)	2
(18216953,)	4
(18196154,)	1
(18223714,)	17
(18203939,)	2
(18199780,)	12
(18197375,)	1
(18205144,)	1
(18210612,)	1
(18199210,)	28
(18205639,)	9
(18214482,)	26
(18206995,)	16
(18213433,)	4
(18215829,)	2
(18224672,)	2
(18223639,)	21
(18205069,)	6
(18219699,)	3
(18210777,)	2
(18215540,)	2
(18212879,)	7
(18209728,)	1
(18212393,)	14
(18196970,)	6
(18211344,)	116
(18216019,)	3
(18214970,)	2
(18221399,)	2
(18198498,)	1
(18208688,)	53
(18205259,)	6
(18220913,)	14
(18216498,)	26
(18202691,)	42
(18196895,)	3
(18214572,)	1
(18201554,)	22
(18216184,)	1
(18219310,)	22
(18209364,)	15
(18198423,)	1
(18200035,)	10
(18196606,)	17
(18212004,)	1
(18220838,)	10
(18213209,)	1
(18223092,)	2
(18208794,)	24
(18222043,)	3
(18198134,)	23
(18203649,)	2
(18202856,)	4
(18205919,)	7
(18204870,)	3
(18216109,)	1
(18203351,)	2
(18212169,)	19
(18205349,)	1
(18206961,)	1
(18214183,)	1
(18219954,)	17
(18208975,)	18
(18218842,)	2
(18203830,)	1
(18196994,)	8
(18205828,)	8
(18205035,)	9
(18217239,)	1
(18196680,)	1
(18205514,)	5
(18220144,)	4
(18209933,)	2
(18215704,)	40
(18213299,)	3
(18217974,)	33
(18197175,)	1
(18212829,)	1
(18207365,)	41
(18203425,)	7
(18212259,)	24
(18205695,)	6
(18207051,)	1
(18213489,)	30
(18224728,)	4
(18209049,)	73
(18221274,)	1
(18212738,)	21
(18206174,)	59
(18201759,)	62
(18205125,)	8
(18200710,)	1
(18204655,)	33
(18217594,)	1
(18197819,)	13
(18206653,)	2
(18205604,)	10
(18220234,)	2
(18207216,)	1
(18216843,)	4
(18213414,)	4
(18209230,)	3
(18207711,)	97
(18210758,)	12
(18215505,)	3
(18213100,)	1
(18195730,)	19
(18209709,)	1
(18224339,)	10
(18221934,)	58
(18223290,)	1
(18212374,)	19
(18196951,)	19
(18204745,)	1
(18220415,)	10
(18219366,)	1
(18196465,)	36
(18224818,)	3
(18217998,)	2
(18223769,)	1
(18203226,)	18
(18199835,)	1
(18197430,)	29
(18206273,)	12
(18205224,)	5
(18207620,)	2
(18223471,)	21
(18202656,)	1
(18204926,)	9
(18216165,)	9
(18209329,)	13
(18206454,)	29
(18207810,)	120
(18205405,)	12
(18211176,)	13
(18214239,)	13
(18213190,)	3
(18224429,)	14
(18197050,)	2
(18199446,)	11
(18205884,)	7
(18207240,)	1
(18204835,)	5
(18214718,)	2
(18197529,)	1
(18206942,)	1
(18222982,)	3
(18224594,)	6
(18198264,)	1
(18212629,)	96
(18198587,)	1
(18211836,)	22
(18201634,)	1
(18209419,)	19
(18224024,)	1
(18206528,)	2
(18206851,)	2
(18196191,)	1
(18215685,)	1
(18213264,)	5
(18222123,)	2
(18199801,)	4
(18197140,)	21
(18207586,)	1
(18205181,)	1
(18200766,)	55
(18210633,)	13
(18212991,)	16
(18209584,)	2
(18221809,)	1
(18223181,)	1
(18208065,)	2
(18213470,)	1
(18211951,)	216
(18210902,)	1
(18205090,)	6
(18216329,)	1
(18218608,)	1
(18204620,)	1
(18200205,)	1
(18205569,)	5
(18207197,)	1
(18208725,)	43
(18205280,)	9
(18220694,)	7
(18213065,)	18
(18209674,)	20
(18218533,)	4
(18196916,)	15
(18205775,)	8
(18202368,)	3
(18204726,)	310
(18213544,)	3
(18209385,)	41
(18204240,)	18
(18223750,)	9
(18212025,)	50
(18209864,)	4
(18223436,)	4
(18200551,)	1
(18212504,)	12
(18205940,)	19
(18211471,)	50
(18207296,)	2
(18204891,)	6
(18214774,)	3
(18215081,)	1
(18224964,)	3
(18207791,)	1
(18211157,)	1
(18206742,)	2
(18196066,)	30
(18213155,)	1
(18203851,)	1
(18217830,)	1
(18200460,)	17
(18198643,)	56
(18205849,)	7
(18211636,)	1
(18201690,)	1
(18207477,)	3
(18204800,)	1740
(18214683,)	3
(18210524,)	1
(18215262,)	9
(18218309,)	9
(18200171,)	1
(18203281,)	2
(18206584,)	61
(18207956,)	4
(18209954,)	21
(18197196,)	8
(18198552,)	1
(18206030,)	4
(18201615,)	36
(18204981,)	6
(18210433,)	1
(18206509,)	18
(18196156,)	1
(18223716,)	17
(18198154,)	1
(18199782,)	1
(18208600,)	2
(18201780,)	42
(18207567,)	1
(18214005,)	1
(18223146,)	70
(18205625,)	7
(18206997,)	1
(18224674,)	1
(18209251,)	28
(18217061,)	16
(18211916,)	4
(18206104,)	7
(18207732,)	827
(18205071,)	5
(18210779,)	1
(18222748,)	1
(18209730,)	3
(18223327,)	15
(18199377,)	57
(18206599,)	1
(18202424,)	1
(18221385,)	2
(18198500,)	1
(18214095,)	2
(18219866,)	2
(18210688,)	1
(18213046,)	1
(18222913,)	8
(18197930,)	46
(18205740,)	2
(18215137,)	1
(18203172,)	5
(18196592,)	2
(18205426,)	2
(18213211,)	4
(18195841,)	23
(18224450,)	3
(18212485,)	6
(18199467,)	1
(18205905,)	1
(18204856,)	1
(18214739,)	33
(18209531,)	12
(18217316,)	1
(18196517,)	9
(18202225,)	64
(18207756,)	3
(18205351,)	11
(18208491,)	39
(18201671,)	16
(18205037,)	8
(18210489,)	79
(18212336,)	2
(18207921,)	3
(18211303,)	1
(18220146,)	1
(18219097,)	10
(18196212,)	17
(18224540,)	1
(18203997,)	1
(18205995,)	11
(18220625,)	14
(18210670,)	1
(18221590,)	6
(18204476,)	2
(18223202,)	2
(18208102,)	1
(18201266,)	2
(18207053,)	1
(18213491,)	103
(18215887,)	2
(18209051,)	1
(18223681,)	1
(18199747,)	3
(18207532,)	13
(18205127,)	10
(18219757,)	1
(18200952,)	4
(18209786,)	3
(18223127,)	18
(18205606,)	4
(18207218,)	1
(18213400,)	1
(18207697,)	3
(18219666,)	6
(18218554,)	12
(18223292,)	25
(18202749,)	7
(18199358,)	4
(18204747,)	1
(18207143,)	1
(18210190,)	16
(18224820,)	3
(18223771,)	10
(18199837,)	1
(18206275,)	9
(18220880,)	1
(18214060,)	1
(18201042,)	3
(18209901,)	1
(18224506,)	3
(18203707,)	4
(18202658,)	1
(18212541,)	3
(18208382,)	109
(18211492,)	11
(18207333,)	1
(18210380,)	4
(18196376,)	2
(18223936,)	2
(18200002,)	2
(18196573,)	1
(18198953,)	1
(18207812,)	3
(18205407,)	10
(18209810,)	5
(18213176,)	3
(18224431,)	3
(18222010,)	1
(18211657,)	1
(18204837,)	8
(18214704,)	64
(18213671,)	1
(18219442,)	1
(18224910,)	4
(18221440,)	22
(18197531,)	2
(18199159,)	8
(18205316,)	1
(18203797,)	33
(18223547,)	1
(18206051,)	5
(18207423,)	3
(18205002,)	1
(18197696,)	8
(18217462,)	2
(18207902,)	3
(18205481,)	6
(18220127,)	1
(18216720,)	4
(18196177,)	1
(18222125,)	1
(18197142,)	1
(18200752,)	5
(18221811,)	13
(18197877,)	3
(18202280,)	2
(18214505,)	4
(18207018,)	1
(18215852,)	1
(18197307,)	1
(18211937,)	2
(18207497,)	3
(18221720,)	1
(18204622,)	1
(18205571,)	5
(18207199,)	2
(18216042,)	2
(18213381,)	7
(18211862,)	11
(18205282,)	5
(18211069,)	1
(18213067,)	1
(18195953,)	1
(18197967,)	1
(18205761,)	1
(18208157,)	1
(18201577,)	112
(18207108,)	1
(18196432,)	39
(18206240,)	1
(18205207,)	9
(18220861,)	13
(18209866,)	2
(18215653,)	19
(18222859,)	13
(18195878,)	2
(18202639,)	14
(18199488,)	7
(18205942,)	9
(18207298,)	33
(18214760,)	121
(18210345,)	15
(18216132,)	2
(18209296,)	13
(18198934,)	47
(18205372,)	8
(18201213,)	1
(18219977,)	2
(18221991,)	1
(18203853,)	23
(18223603,)	18
(18204802,)	11
(18219423,)	4
(18203283,)	2
(18217262,)	11
(18202171,)	124
(18220951,)	3
(18209956,)	2
(18213322,)	81
(18217741,)	343
(18211803,)	11
(18204983,)	7
(18195679,)	136
(18209642,)	13
(18224767,)	15
(18221297,)	2
(18199768,)	2
(18212761,)	4
(18195588,)	92
(18197842,)	30
(18214486,)	142
(18201468,)	30
(18206999,)	1
(18196323,)	27
(18211918,)	1
(18213916,)	2
(18219703,)	42
(18200898,)	1
(18215528,)	2
(18209732,)	1
(18197767,)	5
(18212397,)	6
(18205817,)	1
(18211348,)	11
(18208213,)	58
(18214974,)	1
(18224841,)	1
(18198502,)	2
(18214081,)	1
(18218500,)	1
(18212562,)	1
(18196883,)	2
(18205742,)	3
(18207354,)	2
(18204693,)	8
(18210401,)	1
(18213527,)	5
(18222345,)	1
(18198411,)	61
(18200039,)	2
(18206221,)	10
(18216667,)	1
(18219777,)	3
(18222047,)	6
(18200518,)	38
(18197073,)	2
(18212487,)	43
(18199469,)	1
(18207279,)	11
(18204858,)	6
(18215048,)	267
(18196519,)	4
(18211124,)	1
(18206965,)	14
(18214171,)	1
(18196033,)	2
(18213122,)	4
(18208963,)	1
(18198610,)	26
(18206072,)	5
(18205039,)	8
(18216278,)	20
(18213857,)	3
(18209442,)	12
(18224063,)	19
(18196684,)	15
(18209921,)	2
(18213303,)	3
(18198212,)	1
(18203999,)	12
(18205997,)	14
(18220627,)	1
(18207609,)	3
(18210656,)	19
(18204478,)	1
(18199270,)	1
(18196849,)	2
(18205683,)	6
(18211214,)	27
(18220057,)	1
(18224732,)	2
(18209053,)	3
(18218920,)	1
(18221278,)	2
(18198377,)	5
(18217887,)	2
(18197328,)	5
(18212742,)	1
(18208583,)	44
(18206162,)	124
(18220792,)	1
(18201747,)	9
(18207534,)	3
(18205113,)	9
(18209788,)	41
(18215319,)	1
(18224162,)	1
(18212453,)	3
(18199179,)	2
(18208013,)	3
(18214451,)	2
(18220238,)	3
(18207220,)	1
(18213402,)	20
(18204073,)	1
(18207699,)	3
(18214137,)	1
(18213088,)	1
(18197988,)	1
(18196939,)	4
(18202407,)	25
(18207129,)	1
(18219354,)	1
(18223773,)	22
(18198467,)	1
(18206277,)	24
(18205228,)	9
(18219833,)	8
(18209903,)	1
(18203709,)	2
(18199525,)	22
(18211494,)	74
(18207335,)	28
(18216153,)	1
(18196378,)	2
(18224987,)	1
(18197608,)	2
(18220014,)	1
(18196089,)	13
(18215599,)	1
(18223061,)	1
(18202825,)	25
(18199434,)	1
(18204839,)	10
(18210547,)	15
(18213657,)	2
(18205318,)	7
(18211089,)	1
(18219923,)	2
(18218811,)	1
(18224598,)	5
(18212617,)	1
(18198591,)	1
(18211824,)	1
(18205004,)	8
(18214887,)	19
(18213838,)	5
(18224028,)	3
(18199070,)	39
(18196649,)	2
(18206532,)	43
(18205483,)	6
(18214317,)	1
(18223739,)	19
(18203964,)	12
(18199805,)	53
(18205169,)	5
(18214796,)	1
(18200754,)	3
(18205648,)	8
(18207020,)	1
(18196344,)	3
(18224697,)	3
(18222292,)	1
(18199714,)	8
(18203080,)	1
(18205094,)	6
(18204608,)	1
(18223350,)	38
(18208234,)	88
(18214416,)	3
(18207185,)	1
(18213383,)	1
(18210232,)	21
(18214995,)	1
(18218042,)	5
(18198523,)	3
(18204054,)	1
(18206333,)	40
(18205284,)	7
(18210727,)	1
(18195955,)	1
(18209678,)	1
(18221903,)	2
(18199325,)	2
(18207110,)	1
(18215160,)	2
(18207870,)	103
(18205193,)	9
(18220863,)	1
(18214027,)	3
(18218702,)	65
(18222068,)	2
(18204895,)	1
(18209298,)	9
(18223919,)	2
(18207779,)	1
(18211145,)	15
(18206730,)	1
(18196070,)	14
(18208984,)	3
(18221977,)	6
(18217818,)	83
(18205853,)	1
(18211624,)	1
(18201694,)	1
(18204804,)	1
(18200645,)	1
(18210512,)	3
(18216299,)	2
(18197754,)	9
(18196705,)	1
(18212119,)	105
(18202173,)	54
(18207944,)	30
(18205539,)	8
(18216778,)	1
(18208909,)	41
(18204020,)	1
(18211805,)	56
(18220648,)	1
(18204969,)	2
(18214852,)	20
(18210437,)	2
(18203450,)	2
(18205448,)	8
(18207076,)	1
(18215910,)	2
(18223704,)	17
(18203929,)	24
(18211714,)	85
(18220573,)	3
(18207555,)	3
(18205150,)	3
(18200735,)	1
(18204664,)	9
(18218387,)	22
(18224678,)	3
(18198902,)	2
(18206108,)	7
(18220738,)	1
(18201949,)	4
(18207720,)	2
(18205059,)	10
(18212869,)	1
(18209734,)	3
(18217528,)	16
(18223315,)	1
(18198009,)	2
(18202428,)	1
(18204770,)	9
(18220168,)	1
(18207166,)	3
(18210213,)	1
(18208694,)	19
(18205249,)	16
(18220919,)	3
(18201858,)	2
(18207645,)	3
(18224273,)	23
(18205728,)	9
(18220349,)	4
(18213513,)	4
(18219300,)	1
(18196415,)	2
(18198413,)	1
(18205430,)	8
(18206786,)	16
(18214248,)	2
(18215620,)	1
(18195845,)	4
(18198124,)	44
(18205909,)	20
(18204860,)	6
(18200701,)	28
(18213694,)	1
(18209535,)	62
(18199950,)	129
(18196505,)	4
(18214173,)	34
(18219944,)	2
(18215785,)	2
(18208965,)	1
(18224619,)	3
(18221958,)	1
(18197240,)	32
(18206074,)	7
(18201659,)	2
(18220439,)	8
(18216264,)	1
(18212340,)	2
(18205504,)	10
(18211291,)	3
(18216759,)	1
(18222148,)	25
(18209130,)	25
(18218757,)	160
(18203985,)	1
(18208404,)	70
(18220629,)	2
(18207611,)	3
(18210658,)	1
(18213768,)	2
(18224255,)	53
(18203431,)	33
(18205685,)	5
(18211200,)	1
(18207041,)	1
(18215875,)	2
(18224734,)	3
(18223685,)	19
(18198379,)	3
(18203117,)	1
(18206164,)	7
(18205115,)	10
(18197809,)	1
(18196760,)	24
(18205594,)	8
(18207222,)	1425
(18209220,)	20
(18198288,)	1
(18213090,)	21
(18208180,)	1
(18204751,)	12
(18207131,)	1
(18214941,)	1
(18224808,)	20
(18198469,)	1
(18197420,)	8
(18208659,)	18
(18205230,)	1
(18219835,)	3
(18195901,)	1
(18203711,)	17
(18197899,)	32
(18202662,)	1
(18208370,)	117
(18211480,)	32
(18196380,)	1
(18218153,)	32
(18200006,)	4
(18202004,)	40
(18209814,)	3
(18213180,)	1
(18200485,)	9
(18197040,)	8
(18205874,)	6
(18207246,)	1
(18204825,)	1
(18207981,)	2
(18205560,)	9
(18214394,)	18
(18209979,)	4
(18218813,)	28
(18203785,)	21
(18198577,)	1
(18206055,)	20
(18219636,)	1
(18217450,)	3
(18199056,)	1
(18196651,)	18
(18212305,)	20
(18201326,)	3
(18207097,)	1
(18209111,)	1
(18212784,)	6
(18211751,)	31
(18205171,)	8
(18214798,)	1
(18203396,)	1
(18202284,)	2
(18208071,)	1
(18205650,)	9
(18214509,)	29
(18207022,)	1
(18196346,)	2
(18215840,)	11
(18221245,)	2
(18197311,)	2
(18208550,)	2
(18220775,)	22
(18207501,)	178
(18216335,)	6
(18197790,)	1
(18206608,)	3
(18205575,)	5
(18220205,)	6
(18213625,)	2
(18196271,)	10
(18210234,)	13
(18197476,)	1
(18211057,)	12
(18220684,)	3
(18215476,)	1
(18222938,)	2
(18217474,)	16
(18205765,)	10
(18211536,)	30
(18204716,)	5
(18210424,)	26
(18219321,)	1
(18218209,)	97
(18206244,)	8
(18205195,)	7
(18219800,)	1
(18209870,)	2
(18203676,)	2
(18199492,)	48
(18205930,)	1
(18204881,)	3
(18201490,)	27
(18216120,)	3
(18215087,)	15
(18221500,)	2
(18197591,)	36
(18215566,)	71
(18218869,)	1
(18221979,)	1
(18198070,)	1
(18201680,)	43
(18207467,)	3
(18204806,)	8
(18200647,)	2
(18196707,)	3
(18207946,)	25
(18205541,)	6
(18220939,)	13
(18216780,)	1
(18209944,)	2
(18215731,)	2
(18208911,)	22
(18198235,)	15
(18223516,)	1
(18202973,)	2
(18198558,)	16
(18206020,)	6
(18211807,)	4
(18220650,)	20
(18216210,)	28
(18213805,)	3
(18197665,)	1
(18199293,)	1
(18205450,)	1
(18201291,)	1
(18207078,)	3
(18216945,)	8
(18215896,)	2
(18218959,)	1
(18221301,)	1
(18206185,)	1
(18201770,)	1
(18205136,)	8
(18214474,)	14
(18201456,)	2
(18206987,)	1
(18215821,)	1
(18199681,)	325
(18201951,)	2
(18207722,)	3
(18205061,)	11
(18210769,)	12
(18215532,)	2
(18204591,)	2
(18223317,)	2
(18208201,)	17
(18210215,)	1
(18214962,)	37
(18219856,)	1
(18201067,)	44
(18218744,)	19
(18221870,)	3
(18223482,)	7
(18200341,)	2
(18205730,)	8
(18211517,)	7
(18204681,)	1
(18210405,)	1
(18217141,)	11
(18211996,)	1
(18207837,)	3
(18205416,)	1
(18215622,)	27
(18208786,)	23
(18218669,)	2
(18203897,)	30
(18208316,)	2
(18211682,)	6
(18216101,)	25
(18219467,)	1
(18202231,)	31
(18207746,)	3
(18205341,)	8
(18214175,)	3
(18196037,)	1
(18210000,)	26
(18215787,)	1
(18213126,)	1
(18222993,)	10
(18213861,)	7
(18217231,)	311
(18202140,)	9
(18211293,)	34
(18196202,)	2
(18209925,)	20
(18213291,)	1
(18218759,)	6
(18203987,)	1
(18199572,)	4
(18205985,)	10
(18207613,)	1
(18204936,)	1
(18214819,)	1
(18219582,)	1
(18213770,)	2
(18204466,)	6
(18217396,)	1
(18202305,)	2
(18208092,)	19
(18205687,)	7
(18207043,)	1
(18218924,)	10
(18223687,)	61
(18221266,)	35
(18198381,)	2
(18197332,)	2
(18220796,)	1
(18213960,)	3
(18219747,)	1
(18210569,)	1
(18209776,)	3
(18217586,)	10
(18197811,)	4
(18199183,)	546
(18206645,)	2
(18208001,)	3
(18205596,)	9
(18207208,)	1
(18196292,)	21
(18198290,)	27
(18204077,)	36
(18211887,)	1
(18214141,)	747
(18200867,)	19
(18196943,)	3
(18208182,)	5
(18204737,)	8
(18213571,)	2
(18196457,)	43
(18205216,)	1
(18208842,)	1
(18217676,)	1
(18208372,)	77
(18205711,)	1
(18207323,)	2
(18204918,)	11
(18214529,)	21
(18209321,)	33
(18213182,)	3
(18203878,)	1
(18197042,)	1
(18205876,)	10
(18207232,)	3
(18204827,)	9
(18210551,)	24
(18216066,)	2
(18219432,)	2
(18224900,)	1
(18224107,)	11
(18207983,)	419
(18205562,)	4
(18215752,)	1
(18218815,)	16
(18198256,)	1
(18199628,)	1
(18198579,)	197
(18204992,)	6
(18210460,)	2
(18221636,)	21
(18196653,)	78
(18212307,)	2
(18205487,)	62
(18201312,)	1
(18210146,)	18
(18221066,)	222
(18217931,)	2
(18205966,)	6
(18211737,)	73
(18205173,)	7
(18219547,)	1
(18212983,)	1
(18209576,)	9
(18215363,)	3
(18224222,)	1
(18204447,)	1
(18223173,)	1
(18197867,)	33
(18205652,)	1
(18207008,)	1
(18216891,)	130
(18209278,)	32
(18218889,)	1
(18197297,)	1
(18208536,)	1
(18218600,)	1
(18217567,)	42
(18223338,)	10
(18197776,)	1
(18203563,)	33
(18211373,)	13
(18220207,)	1
(18222461,)	1
(18209187,)	1
(18199883,)	20
(18205272,)	30
(18207668,)	28
(18214106,)	2
(18219893,)	2
(18200832,)	1
(18210715,)	55
(18215478,)	1
(18203753,)	2
(18197957,)	9
(18212587,)	27
(18196908,)	2
(18205767,)	33
(18202616,)	5
(18208147,)	26
(18200048,)	2
(18207858,)	3
(18220851,)	2
(18214031,)	1
(18213238,)	1
(18203678,)	1
(18197098,)	2
(18211463,)	1
(18207288,)	3
(18204883,)	10
(18216122,)	3
(18213717,)	2
(18215073,)	133
(18224956,)	4
(18222551,)	1
(18218120,)	30
(18221502,)	1
(18196528,)	3
(18212198,)	1
(18198924,)	2
(18205362,)	6
(18196058,)	4
(18221981,)	27
(18223593,)	10
(18197023,)	8
(18214675,)	1
(18196709,)	1
(18205543,)	3
(18209946,)	2
(18217731,)	1
(18206022,)	7
(18204973,)	3
(18214840,)	2
(18219603,)	1
(18218466,)	1
(18196618,)	3
(18208113,)	1
(18211239,)	1
(18201293,)	154
(18207064,)	1
(18203933,)	63
(18212767,)	32
(18206187,)	9
(18207559,)	3
(18219768,)	2
(18215328,)	1
(18218391,)	23
(18223138,)	33
(18196799,)	1
(18202251,)	33
(18214476,)	1
(18206989,)	1
(18196313,)	1
(18215823,)	1
(18223617,)	13
(18198327,)	33
(18197278,)	1
(18211908,)	11
(18207724,)	3
(18205063,)	8
(18213906,)	3
(18210771,)	1
(18222740,)	2
(18221947,)	1
(18217532,)	120
(18205823,)	1
(18204774,)	178
(18207154,)	1
(18213592,)	14
(18216962,)	1
(18199848,)	9
(18207633,)	3
(18214087,)	35
(18209912,)	2
(18213038,)	114
(18222905,)	21
(18214566,)	91
(18213517,)	3
(18215129,)	36
(18198401,)	26
(18200029,)	2
(18196584,)	108
(18205418,)	14
(18210949,)	27
(18224442,)	5
(18211684,)	28
(18204848,)	5
(18214731,)	19
(18210316,)	6
(18224921,)	3
(18223872,)	1
(18212163,)	30
(18202217,)	1
(18207748,)	2
(18205343,)	13
(18214161,)	33
(18206078,)	1
(18205029,)	13
(18214896,)	1
(18197723,)	1
(18217217,)	3
(18196674,)	7
(18211295,)	1
(18219089,)	28
(18209927,)	2
(18198202,)	1
(18212823,)	204
(18205987,)	21
(18213772,)	8
(18204468,)	1
(18218447,)	2
(18197632,)	1
(18196855,)	2
(18208094,)	1
(18201258,)	2
(18215879,)	1
(18223673,)	13
(18198383,)	2
(18206152,)	1
(18205119,)	10
(18197813,)	2
(18220228,)	3
(18207210,)	1
(18213392,)	1
(18196294,)	2
(18210257,)	1
(18215020,)	15
(18204079,)	1
(18208738,)	1
(18205309,)	10
(18213094,)	1
(18209703,)	63
(18218546,)	1
(18221912,)	2
(18223284,)	1
(18197978,)	2
(18205788,)	5
(18211575,)	13
(18204739,)	12
(18207135,)	1
(18219344,)	42
(18210182,)	13
(18214929,)	2
(18224812,)	3
(18198457,)	1
(18203220,)	27
(18206267,)	110
(18205218,)	2
(18214052,)	1
(18203699,)	34
(18220318,)	39
(18213738,)	2
(18224977,)	1
(18205399,)	8
(18209009,)	17
(18224423,)	16
(18203864,)	2
(18223374,)	16
(18208283,)	134
(18201719,)	4
(18207234,)	5
(18204829,)	1
(18209488,)	11
(18196730,)	12
(18212128,)	2
(18202198,)	12
(18205564,)	10
(18220962,)	1
(18214398,)	56
(18219913,)	2
(18199630,)	12
(18207415,)	32
(18204994,)	7
(18200579,)	20
(18213828,)	3
(18222687,)	25
(18209413,)	2
(18224018,)	19
(18205473,)	8
(18207101,)	1
(18196169,)	1
(18213258,)	4
(18212788,)	2
(18220598,)	8
(18207580,)	3
(18205175,)	1
(18214786,)	1
(18200744,)	22
(18221803,)	1653
(18197869,)	29
(18199225,)	1
(18196820,)	15
(18205654,)	6
(18207010,)	1
(18222282,)	1
(18197299,)	31
(18207489,)	3
(18205084,)	6
(18212894,)	93
(18209759,)	3
(18218602,)	34
(18223340,)	33
(18197778,)	4
(18203565,)	1
(18196259,)	29
(18204044,)	2
(18197464,)	30
(18214108,)	23
(18218527,)	1
(18205753,)	9
(18204704,)	8
(18215959,)	10
(18196424,)	30
(18215166,)	4
(18206232,)	5
(18212019,)	1
(18205199,)	7
(18209858,)	47
(18208809,)	6
(18203664,)	1
(18223430,)	18
(18202631,)	2
(18199480,)	5
(18205934,)	1
(18207290,)	99
(18224958,)	3
(18205364,)	5
(18210039,)	1
(18223016,)	1
(18208990,)	1
(18197009,)	6
(18207471,)	13
(18205050,)	5
(18200635,)	3
(18219415,)	1
(18215240,)	2
(18200165,)	2
(18197744,)	2
(18203275,)	2
(18199116,)	1
(18202163,)	3
(18207950,)	1
(18205529,)	7
(18206901,)	14
(18214363,)	3
(18209948,)	2
(18215735,)	2
(18208899,)	17
(18204010,)	1
(18197190,)	1
(18206008,)	9
(18204975,)	1
(18210113,)	1
(18209064,)	44
(18207545,)	3
(18205140,)	6
(18215330,)	10
(18206991,)	1
(18213429,)	1
(18196315,)	1
(18221214,)	3
(18201939,)	2
(18195745,)	11
(18204579,)	10
(18217534,)	3
(18203530,)	8
(18204760,)	9
(18201369,)	3
(18207156,)	1
(18219381,)	2
(18224833,)	6
(18199850,)	6
(18205255,)	7
(18211026,)	1
(18220909,)	1
(18214073,)	1
(18213024,)	37
(18203720,)	10
(18217699,)	1
(18196875,)	1
(18207346,)	2
(18204685,)	11
(18220339,)	2
(18210393,)	1
(18213519,)	3
(18209344,)	31
(18215131,)	1
(18205420,)	8
(18200980,)	2
(18213205,)	1
(18198114,)	1
(18212735,)	1
(18220504,)	15
(18202219,)	1
(18205329,)	15
(18206957,)	1
(18219950,)	2
(18223560,)	16
(18197246,)	1
(18207436,)	2
(18205031,)	9
(18214898,)	12
(18200600,)	1
(18210483,)	15
(18217219,)	1
(18211281,)	2
(18201095,)	2
(18214328,)	4
(18210169,)	1
(18222138,)	1
(18224534,)	7
(18199560,)	1
(18208394,)	64
(18211760,)	2
(18207601,)	13
(18204940,)	6
(18219570,)	11
(18223196,)	16
(18217384,)	1
(18205675,)	6
(18211206,)	2
(18216914,)	2
(18213485,)	1
(18209045,)	190
(18198692,)	18
(18205105,)	10
(18213964,)	2
(18212915,)	1
(18209780,)	1
(18223105,)	2
(18196766,)	706
(18207212,)	18
(18209210,)	20
(18198294,)	1
(18217020,)	1
(18197501,)	16
(18207691,)	1
(18224335,)	15
(18204544,)	1
(18200385,)	2
(18212354,)	2
(18205790,)	7
(18204741,)	10
(18214608,)	377
(18207121,)	1
(18209400,)	70
(18224814,)	1
(18222393,)	2
(18198459,)	1
(18199831,)	1
(18206269,)	49
(18212040,)	38
(18220874,)	19
(18209895,)	2
(18208846,)	2
(18212535,)	32
(18204906,)	1
(18196370,)	1
(18224979,)	5
(18197600,)	2342
(18205385,)	3
(18214219,)	2
(18209804,)	3
(18215591,)	2
(18200475,)	2
(18197046,)	2
(18202817,)	8
(18205864,)	116
(18207236,)	1
(18204831,)	5
(18200656,)	1
(18213649,)	4
(18218324,)	2
(18197525,)	1
(18207971,)	4
(18211081,)	1
(18196006,)	1
(18208920,)	1
(18224590,)	3
(18221145,)	4
(18198260,)	4
(18203791,)	9
(18223541,)	18
(18202998,)	1
(18208450,)	1
(18206045,)	1
(18201630,)	2
(18204996,)	11
(18210448,)	15
(18209415,)	2
(18224020,)	56
(18199062,)	1
(18205475,)	1
(18207103,)	1
(18214309,)	1
(18223731,)	2
(18197120,)	2
(18205161,)	10
(18212971,)	136
(18197871,)	14
(18205640,)	1
(18220286,)	100
(18207012,)	1
(18213450,)	4
(18196336,)	22
(18224689,)	4
(18223640,)	1
(18197301,)	1
(18206135,)	7
(18210882,)	15
(18207491,)	1
(18210794,)	1
(18212880,)	9
(18209745,)	2
(18223342,)	4
(18200441,)	7
(18212410,)	1
(18204797,)	7
(18214408,)	29
(18207177,)	1
(18208705,)	3
(18205276,)	9
(18211063,)	1
(18214110,)	2
(18200836,)	2
(18218513,)	1
(18203757,)	3
(18205755,)	1
(18204706,)	8
(18214589,)	1
(18196426,)	1
(18215152,)	1
(18218215,)	57
(18221325,)	2
(18205185,)	6
(18210972,)	14
(18219806,)	57
(18209860,)	1
(18195856,)	48
(18222060,)	1
(18199482,)	1
(18211707,)	28
(18207292,)	6
(18204887,)	1
(18209290,)	5
(18221020,)	13
(18206722,)	15
(18214184,)	1
(18217810,)	1
(18208506,)	15
(18205052,)	7
(18220450,)	1
(18219401,)	1
(18209471,)	11
(18217240,)	1
(18205531,)	14
(18219112,)	1
(18195971,)	32
(18223506,)	1
(18202963,)	1
(18211797,)	1
(18207382,)	1
(18204961,)	2
(18200076,)	1
(18197671,)	3
(18205440,)	9
(18211227,)	1
(18214274,)	1
(18215902,)	20
(18203921,)	1
(18199762,)	12
(18197357,)	1
(18212755,)	45
(18201760,)	2
(18207547,)	3
(18213985,)	3
(18210594,)	58
(18223142,)	2
(18214464,)	179
(18206977,)	10
(18210280,)	11
(18222249,)	2
(18209247,)	59
(18197266,)	101
(18210863,)	2
(18207712,)	2
(18209726,)	14
(18200422,)	37
(18198001,)	17
(18212391,)	1
(18199373,)	1
(18202420,)	1
(18204762,)	1
(18207158,)	28
(18213596,)	3
(18196226,)	34
(18224835,)	1
(18218015,)	17
(18209916,)	2
(18212556,)	8
(18196877,)	25
(18205720,)	2
(18214554,)	1
(18210395,)	22
(18225000,)	3
(18223967,)	36
(18211986,)	42
(18205422,)	35
(18211193,)	2
(18220820,)	18
(18215612,)	1
(18224446,)	4
(18222025,)	12
(18203903,)	4
(18197067,)	2
(18208306,)	75
(18211672,)	15
(18204852,)	1
(18214735,)	1
(18210304,)	1
(18213686,)	4
(18224925,)	3
(18203333,)	1
(18205331,)	11
(18211118,)	1
(18206959,)	1
(18215777,)	2
(18224611,)	3
(18217791,)	26
(18198604,)	1
(18207438,)	1
(18197727,)	1
(18205496,)	10
(18220142,)	1
(18216751,)	1
(18214330,)	38
(18210171,)	9
(18209122,)	13
(18197157,)	1
(18211762,)	10
(18204942,)	1
(18195638,)	20
(18203423,)	23
(18217386,)	14
(18202311,)	27
(18208082,)	13
(18199743,)	2
(18197322,)	32
(18198694,)	2
(18208561,)	44
(18206156,)	72
(18220786,)	1
(18210575,)	2
(18215297,)	8
(18224156,)	1
(18200222,)	6
(18206635,)	2
(18214445,)	13
(18207214,)	1
(18216057,)	2
(18224891,)	4
(18197503,)	74
(18208742,)	2
(18205297,)	6
(18210828,)	1
(18207693,)	3
(18213082,)	1
(18224321,)	52
(18221916,)	3
(18217501,)	1
(18196933,)	2
(18205776,)	1
(18204743,)	7
(18219348,)	2
(18209402,)	25
(18223767,)	25
(18209881,)	2
(18195893,)	8
(18203703,)	1
(18200552,)	1
(18207313,)	2
(18214535,)	12
(18220306,)	2
(18210360,)	2
(18224981,)	1
(18223932,)	19
(18205387,)	2
(18219992,)	44
(18209806,)	3
(18223055,)	1
(18203868,)	1
(18197032,)	2
(18199428,)	92
(18205866,)	11
(18207238,)	1
(18213651,)	2
(18207973,)	161
(18206924,)	2
(18224576,)	2
(18212611,)	6
(18206047,)	7
(18211818,)	1
(18201616,)	1
(18204998,)	9
(18219628,)	3
(18221626,)	1
(18197692,)	8
(18207882,)	3
(18205477,)	9
(18210136,)	1
(18215923,)	1
(18213262,)	5
(18223733,)	1
(18199799,)	46
(18197122,)	29
(18205956,)	10
(18211743,)	16
(18207568,)	12
(18205163,)	1
(18204437,)	20
(18223163,)	14
(18197857,)	21
(18199229,)	9
(18202276,)	11
(18208063,)	42
(18205642,)	8
(18215832,)	1
(18209268,)	21
(18218895,)	1
(18197303,)	1
(18211933,)	24
(18198659,)	1
(18210884,)	6
(18212882,)	47
(18197782,)	8
(18212412,)	2
(18207179,)	1
(18224856,)	1
(18223823,)	65
(18204032,)	37
(18216987,)	1
(18208707,)	1
(18211049,)	1
(18220676,)	1
(18207658,)	1
(18213063,)	1
(18222930,)	1
(18221881,)	3
(18204708,)	10
(18214591,)	2
(18215154,)	19
(18218201,)	27
(18212023,)	37
(18205187,)	7
(18206815,)	169
(18215633,)	32
(18213228,)	14
(18222062,)	1
(18203668,)	1
(18217647,)	2
(18223418,)	11
(18200533,)	1
(18208343,)	7
(18205922,)	10
(18202531,)	29
(18204873,)	4
(18210341,)	486
(18204403,)	4
(18198914,)	39
(18196048,)	1
(18210027,)	2
(18223020,)	7
(18224632,)	3
(18198062,)	1
(18223599,)	21
(18203279,)	2
(18206582,)	25
(18205533,)	1
(18209936,)	2
(18204014,)	1
(18217977,)	35
(18212832,)	2
(18214846,)	1
(18206491,)	1
(18207070,)	1
(18218951,)	1
(18223698,)	16
(18198392,)	1
(18203923,)	1
(18199764,)	1
(18197359,)	4
(18218381,)	1
(18197838,)	1
(18206656,)	67
(18205623,)	6
(18206979,)	1
(18198880,)	2
(18220732,)	1
(18201943,)	2
(18222730,)	177
(18223309,)	62
(18203534,)	15
(18204764,)	7
(18210207,)	17
(18224837,)	2
(18209158,)	1
(18223788,)	1
(18199854,)	125
(18197433,)	5
(18212079,)	26
(18211030,)	1
(18216482,)	3
(18214077,)	2
(18201059,)	20
(18209918,)	2
(18215433,)	15
(18222911,)	46
(18218736,)	1
(18203724,)	1
(18223474,)	1
(18212558,)	2
(18204673,)	9
(18210397,)	3
(18196393,)	13
(18222341,)	1
(18217133,)	1
(18211988,)	2
(18211195,)	1
(18216663,)	32
(18220029,)	21
(18198118,)	1
(18204854,)	2
(18223878,)	8
(18205333,)	1
(18209992,)	16
(18215779,)	2
(18203814,)	2
(18200134,)	1
(18197713,)	8
(18205498,)	1
(18201339,)	1
(18219095,)	29
(18210173,)	31
(18215688,)	15
(18213283,)	1
(18222142,)	2
(18211764,)	1
(18204928,)	18
(18210652,)	7
(18213762,)	2
(18197638,)	1
(18199250,)	2
(18205679,)	5
(18215869,)	2
(18209033,)	3
(18217867,)	18
(18198680,)	3
(18208563,)	1
(18206158,)	7
(18201743,)	63
(18205109,)	7
(18223109,)	1
(18200208,)	28
(18197803,)	15
(18205588,)	1
(18201429,)	2
(18209214,)	2
(18204069,)	1
(18199910,)	1
(18211879,)	12
(18205299,)	8
(18207695,)	1
(18215489,)	9
(18213084,)	1
(18222967,)	2
(18221918,)	1
(18223274,)	11
(18212358,)	2
(18205778,)	1
(18204729,)	1
(18215968,)	1
(18214935,)	27
(18224802,)	11
(18221348,)	2
(18199819,)	4
(18212044,)	1
(18205208,)	2
(18206836,)	587
(18201024,)	1
(18209883,)	32
(18203689,)	3
(18200554,)	1
(18212523,)	49
(18207315,)	2
(18204910,)	1
(18216149,)	1
(18196374,)	2
(18207794,)	14
(18205389,)	37
(18206745,)	20
(18219994,)	19
(18209792,)	42
(18215579,)	1
(18208273,)	13
(18207480,)	3
(18204819,)	3
(18210543,)	2
(18196720,)	92
(18205554,)	12
(18214388,)	2
(18195994,)	2
(18224578,)	3
(18198248,)	1
(18199620,)	2
(18202986,)	27
(18198571,)	1
(18206033,)	10
(18204984,)	5
(18214867,)	3
(18210452,)	52
(18200099,)	7
(18199050,)	1
(18212299,)	3
(18205479,)	19
(18211250,)	12
(18220109,)	35
(18207091,)	1
(18214297,)	92
(18213248,)	4
(18222107,)	3
(18197124,)	2
(18211729,)	6
(18205165,)	9
(18214008,)	1
(18195605,)	2
(18224214,)	1
(18197859,)	17
(18207000,)	1
(18196340,)	1
(18215834,)	1
(18224693,)	15
(18223644,)	1
(18211935,)	17
(18207495,)	3
(18209749,)	5
(18223330,)	2
(18211365,)	298
(18204785,)	10
(18214412,)	7
(18207181,)	1
(18216024,)	9
(18213619,)	1
(18196249,)	14
(18210228,)	1
(18209179,)	1
(18223809,)	200
(18199875,)	1
(18197470,)	4
(18208709,)	1
(18207660,)	3
(18213049,)	1
(18203745,)	1
(18199305,)	1
(18205759,)	4
(18204710,)	3
(18201575,)	15
(18210418,)	30
(18219315,)	1
(18196430,)	1
(18223990,)	1
(18205189,)	6
(18206801,)	20
(18214023,)	1
(18201005,)	63
(18209848,)	2
(18223097,)	2
(18208815,)	30
(18222048,)	1
(18200535,)	1
(18212488,)	48
(18211711,)	5
(18207280,)	1
(18209294,)	1
(18224948,)	5
(18204405,)	1
(18223899,)	10
(18205354,)	10
(18216593,)	1
(18215800,)	2
(18221973,)	44
(18217814,)	1
(18208510,)	34
(18205833,)	17
(18210508,)	58
(18213874,)	1
(18212099,)	26
(18207940,)	3
(18209938,)	1
(18204000,)	18
(18217979,)	28
(18206014,)	11
(18204965,)	1
(18219595,)	1
(18210673,)	1
(18197659,)	1
(18196610,)	12
(18208105,)	1
(18205444,)	42
(18207056,)	1
(18210119,)	1
(18215890,)	1
(18203925,)	3
(18207551,)	3
(18210598,)	2
(18212940,)	2
(18224179,)	1
(18204660,)	82
(18218383,)	98
(18197824,)	15
(18203611,)	1
(18199196,)	3
(18211421,)	1
(18205609,)	6
(18206981,)	1
(18215815,)	2
(18198319,)	40
(18197270,)	15
(18206088,)	16
(18210851,)	18
(18207716,)	44
(18222732,)	2
(18223311,)	26
(18212379,)	1
(18205815,)	7
(18204766,)	8
(18214633,)	57
(18196230,)	25
(18217210,)	1
(18211016,)	1
(18209904,)	1
(18203726,)	2
(18199542,)	1
(18205724,)	9
(18202589,)	44
(18207336,)	3
(18204675,)	31
(18204205,)	1
(18217135,)	76
(18207831,)	1
(18205410,)	6
(18211197,)	2
(18213195,)	3
(18223078,)	1
(18223385,)	15
(18200500,)	3
(18216095,)	1
(18224913,)	6
(18196501,)	1
(18216830,)	13
(18219940,)	2
(18215781,)	2
(18222987,)	4
(18206070,)	8
(18211585,)	1
(18201655,)	2
(18200606,)	1
(18210473,)	23
(18212320,)	1
(18205500,)	6
(18211287,)	1
(18219081,)	20
(18203981,)	1
(18217944,)	1
(18199566,)	1
(18212815,)	2
(18220609,)	2
(18207607,)	3
(18210654,)	1
(18213764,)	3
(18224235,)	1
(18206714,)	2
(18205665,)	5
(18207037,)	1
(18213475,)	1
(18215871,)	2
(18224714,)	4
(18223665,)	38
(18198375,)	2
(18207516,)	3
(18205111,)	22
(18210563,)	10
(18209770,)	59
(18223111,)	1
(18200210,)	1
(18207202,)	3
(18216061,)	41
(18224895,)	1
(18222218,)	181
(18198284,)	1
(18199896,)	3
(18208730,)	42
(18222953,)	128
(18195716,)	1
(18196921,)	4
(18202389,)	49
(18204731,)	1
(18215970,)	4
(18219336,)	1
(18209406,)	1
(18224804,)	17
(18223755,)	2
(18205210,)	7
(18220864,)	18
(18206838,)	1
(18209885,)	2
(18212995,)	21
(18208836,)	15
(18224490,)	1
(18217670,)	2
(18207317,)	65
(18210364,)	2
(18224969,)	3
(18205391,)	2
(18211162,)	1
(18214209,)	38
(18209794,)	3
(18215581,)	8
(18213160,)	2
(18203856,)	1
(18197036,)	8
(18205870,)	8
(18219426,)	2
(18224101,)	4
(18207961,)	1
(18214390,)	90
(18219905,)	4
(18208926,)	1
(18212615,)	44
(18198573,)	4
(18204986,)	6
(18197680,)	3
(18196647,)	58
(18205465,)	6
(18207093,)	31
(18197126,)	1
(18202897,)	31
(18212780,)	17
(18208621,)	9
(18206200,)	2
(18207572,)	3
(18214010,)	11
(18216406,)	8
(18206695,)	21
(18208051,)	26
(18205646,)	7
(18207002,)	1
(18210049,)	7
(18215836,)	2
(18211921,)	1
(18220755,)	782
(18207737,)	3
(18215547,)	1
(18223332,)	1
(18196977,)	1
(18207183,)	1
(18210230,)	2
(18223811,)	2
(18198505,)	1
(18211846,)	503
(18208711,)	9
(18211053,)	1
(18223241,)	2
(18197951,)	1
(18212581,)	7
(18205745,)	1
(18204696,)	16
(18210420,)	11
(18196416,)	17
(18215158,)	2
(18207852,)	3
(18210962,)	7
(18209850,)	3
(18215637,)	26
(18213216,)	46
(18222050,)	112
(18198141,)	1
(18208331,)	2
(18218114,)	47
(18197571,)	18
(18206968,)	1
(18216595,)	1
(18219961,)	12
(18223008,)	18
(18205835,)	8
(18201676,)	1
(18205042,)	10
(18210510,)	1
(18216281,)	1
(18200157,)	1
(18205521,)	6
(18204002,)	4
(18223496,)	2
(18197182,)	1
(18220646,)	2
(18204967,)	10
(18219597,)	3
(18207058,)	1
(18215892,)	1
(18224751,)	5
(18203927,)	1
(18205132,)	6
(18209551,)	36
(18199198,)	1
(18208016,)	49
(18205611,)	11
(18201452,)	2
(18206983,)	1
(18224660,)	2
(18223867,)	11
(18199933,)	4
(18205801,)	18
(18211332,)	97
(18204752,)	8
(18207148,)	1
(18213586,)	1
(18214958,)	230
(18223776,)	1
(18207338,)	3
(18204677,)	8
(18196397,)	1
(18209336,)	2
(18197627,)	1
(18198974,)	17
(18211199,)	14
(18220017,)	1
(18200972,)	24
(18199453,)	1
(18204842,)	5
(18207998,)	1
(18205321,)	10
(18220991,)	1
(18203802,)	1
(18223552,)	101
(18212636,)	20
(18206056,)	1
(18211587,)	1
(18205023,)	5
(18220421,)	1
(18204537,)	1
(18218260,)	11
(18196668,)	1
(18205502,)	3
(18201343,)	1
(18210161,)	7
(18198196,)	14
(18212801,)	1
(18204462,)	1
(18207039,)	3
(18223667,)	1
(18206146,)	3
(18205097,)	10
(18213956,)	2
(18200938,)	31
(18212907,)	7
(18224146,)	1
(18203578,)	15
(18207204,)	2
(18210730,)	1
(18224327,)	2
(18223278,)	2
(18197972,)	17
(18205782,)	7
(18211553,)	1
(18208162,)	1
(18204733,)	37
(18201598,)	1
(18207113,)	1
(18213567,)	3
(18214923,)	2
(18224806,)	4
(18206261,)	8
(18212032,)	22
(18219817,)	1
(18201028,)	1
(18209887,)	2
(18224492,)	2
(18203693,)	2
(18217656,)	1
(18197113,)	22
(18212527,)	1
(18205947,)	8
(18216137,)	1
(18196362,)	10
(18215088,)	1
(18224971,)	21
(18223922,)	10
(18212213,)	14
(18205377,)	10
(18213162,)	1
(18221996,)	1
(18217837,)	9
(18200467,)	1
(18197038,)	2
(18205856,)	1
(18204823,)	5
(18216318,)	1
(18209482,)	1
(18215269,)	33
(18224103,)	16
(18202176,)	1
(18195998,)	21
(18209961,)	1
(18206037,)	5
(18211808,)	2
(18201622,)	1
(18217432,)	13
(18205467,)	6
(18207095,)	1
(18196163,)	76
(18210142,)	3
(18206202,)	5
(18200268,)	1
(18203634,)	24
(18199219,)	7
(18207004,)	1
(18224681,)	1
(18217068,)	46
(18199698,)	38
(18206127,)	17
(18210874,)	1
(18220757,)	1
(18207739,)	29
(18205078,)	5
(18209737,)	1
(18224383,)	16
(18212402,)	1
(18207169,)	1
(18218026,)	1
(18208697,)	2
(18205268,)	6
(18216507,)	55
(18210711,)	13
(18195939,)	21
(18203749,)	1
(18205747,)	20
(18215937,)	668
(18213532,)	4
(18209373,)	2
(18223978,)	1
(18200044,)	31
(18212013,)	1
(18205433,)	21
(18197094,)	1
(18205912,)	9
(18211699,)	16
(18204879,)	7
(18224936,)	5
(18223903,)	10
(18197573,)	56
(18199953,)	1
(18207763,)	42
(18205358,)	2
(18196054,)	3
(18215804,)	12
(18199664,)	9
(18208498,)	7
(18205837,)	1
(18204318,)	3
(18203269,)	2
(18206572,)	12
(18212103,)	27
(18207928,)	3
(18205523,)	6
(18219104,)	20
(18196219,)	2
(18218760,)	108
(18204004,)	3
(18217983,)	30
(18199589,)	9
(18204953,)	14
(18219599,)	1
(18210677,)	11
(18195649,)	25
(18204483,)	37
(18223209,)	15
(18206481,)	10
(18205688,)	6
(18207060,)	1
(18210107,)	18
(18198398,)	27
(18203913,)	1
(18217892,)	1
(18199754,)	5
(18197349,)	1
(18206183,)	5
(18212458,)	2
(18199184,)	1
(18205613,)	5
(18207225,)	1
(18196309,)	1
(18223869,)	3
(18210855,)	1
(18213109,)	44
(18218561,)	7
(18221943,)	34
(18197993,)	12
(18212383,)	1
(18196944,)	2
(18208199,)	1
(18210197,)	3
(18198472,)	1
(18199844,)	2
(18205233,)	11
(18209908,)	1
(18208859,)	2
(18223464,)	14
(18200323,)	1
(18196869,)	14
(18205712,)	8
(18204679,)	10
(18196399,)	1
(18209338,)	1
(18211978,)	24
(18206770,)	14
(18220019,)	1
(18209817,)	10
(18215604,)	20
(18224438,)	2
(18197059,)	17
(18212713,)	21
(18199455,)	17
(18202502,)	21
(18204844,)	3
(18214727,)	1
(18224917,)	2
(18207984,)	4
(18205323,)	10
(18211110,)	29
(18220977,)	1
(18216818,)	3
(18208949,)	2
(18199645,)	15
(18212638,)	21
(18206058,)	1
(18211589,)	30
(18207430,)	3
(18205009,)	8
(18209428,)	10
(18224033,)	22
(18197719,)	9
(18207909,)	3
(18210163,)	38
(18213273,)	2
(18209114,)	25
(18197149,)	11
(18205983,)	7
(18220613,)	1
(18212984,)	121
(18215380,)	35
(18197884,)	13
(18203415,)	28
(18199240,)	1
(18196835,)	2
(18206718,)	2
(18220043,)	38
(18207025,)	2
(18213479,)	105
(18215859,)	23
(18199735,)	12
(18197314,)	1
(18208553,)	1
(18207504,)	2
(18213958,)	10
(18200940,)	289
(18212909,)	24
(18222776,)	6
(18218617,)	1
(18196744,)	19
(18206627,)	23
(18202468,)	1
(18208255,)	1
(18205578,)	10
(18207206,)	1
(18216049,)	1
(18201898,)	19
(18207685,)	15
(18214123,)	25
(18215495,)	6
(18217493,)	36
(18200379,)	1
(18205768,)	10
(18211555,)	1
(18204735,)	67
(18197404,)	10
(18205214,)	35
(18210985,)	62
(18216453,)	2
(18201030,)	1
(18224494,)	3
(18200544,)	1
(18202646,)	11
(18207305,)	2
(18204900,)	7
(18210352,)	27
(18224973,)	1
(18203381,)	2
(18207784,)	3
(18205379,)	6
(18201988,)	4
(18203860,)	1
(18200469,)	7
(18204809,)	9
(18214692,)	14
(18213643,)	19
(18218318,)	2
(18200180,)	2
(18205544,)	10
(18204025,)	1
(18197205,)	19
(18212859,)	49
(18206039,)	10
(18204990,)	8
(18195686,)	8
(18221618,)	1
(18197684,)	4
(18207081,)	1
(18223725,)	20
(18199791,)	1
(18197370,)	18
(18212768,)	1
(18206204,)	11
(18211735,)	38
(18205155,)	5
(18216394,)	11
(18221799,)	1
(18204429,)	22
(18199221,)	44
(18211446,)	31
(18205634,)	7
(18207006,)	65
(18210053,)	26
(18209260,)	18
(18207741,)	7
(18215551,)	127
(18223320,)	10
(18197774,)	45
(18211355,)	3
(18207171,)	1
(18213609,)	1
(18210218,)	2
(18199865,)	1
(18197460,)	13
(18205270,)	10
(18214088,)	1
(18201086,)	31
(18210697,)	33
(18222922,)	1
(18195941,)	2
(18223245,)	46
(18200344,)	4
(18212569,)	51
(18205749,)	2
(18204700,)	5
(18213534,)	29
(18224773,)	1
(18222352,)	1
(18217144,)	1
(18200046,)	2
(18196601,)	1
(18198997,)	114
(18213220,)	1
(18223103,)	7
(18208805,)	4
(18224459,)	10
(18200525,)	1
(18197080,)	2
(18205914,)	7
(18207286,)	2
(18214748,)	2
(18222533,)	1
(18221484,)	5
(18212180,)	65
(18202234,)	31
(18205344,)	1
(18219965,)	2
(18213129,)	1
(18223591,)	1
(18210498,)	2
(18216285,)	1
(18203271,)	345
(18199096,)	2
(18215715,)	14
(18218762,)	2
(18224549,)	1
(18206004,)	5
(18211791,)	269
(18207360,)	33
(18204955,)	7
(18210679,)	10
(18213789,)	3
(18223211,)	1
(18205690,)	5
(18207062,)	1
(18209060,)	1
(18203915,)	4
(18212749,)	1
(18206169,)	6
(18210932,)	14
(18200705,)	2
(18200235,)	1
(18199186,)	2
(18196781,)	26
(18220245,)	3
(18201440,)	1
(18209225,)	1
(18223871,)	21
(18204080,)	15
(18206094,)	25
(18220724,)	1
(18213888,)	3
(18205805,)	5
(18204756,)	1
(18213590,)	1
(18221375,)	1
(18203237,)	31
(18198797,)	1
(18219840,)	2
(18209910,)	4
(18222903,)	4
(18217695,)	7
(18197904,)	23
(18204921,)	8
(18201530,)	150
(18196385,)	1
(18215127,)	1
(18207821,)	21
(18205400,)	6
(18211187,)	144
(18220021,)	7
(18200960,)	27
(18209819,)	3
(18215606,)	18
(18208770,)	4
(18222019,)	1
(18208300,)	69
(18207251,)	1
(18204846,)	10
(18210554,)	7
(18196491,)	1
(18207986,)	1
(18205325,)	6
(18201166,)	21
(18214159,)	7
(18202757,)	36
(18212624,)	2
(18206060,)	10
(18205011,)	1
(18200596,)	1
(18200126,)	1
(18197705,)	14
(18196656,)	26
(18205490,)	9
(18210165,)	9
(18218999,)	5
(18199556,)	30
(18207597,)	22
(18205176,)	37
(18210644,)	7
(18209595,)	1
(18223176,)	1
(18197886,)	82
(18196837,)	1
(18208076,)	2
(18205671,)	7
(18213465,)	3
(18215861,)	2
(18198365,)	1
(18206150,)	5
(18209760,)	3
(18221729,)	56
(18208241,)	2
(18207192,)	1
(18219161,)	1
(18221431,)	12
(18199902,)	1
(18211871,)	16
(18208720,)	21
(18205291,)	8
(18210822,)	8
(18207687,)	1
(18203772,)	1
(18200381,)	1
(18196927,)	443
(18208166,)	1
(18204721,)	6
(18214604,)	1
(18207117,)	1
(18214927,)	23
(18203202,)	51
(18208645,)	1
(18205200,)	2
(18214034,)	3
(18219821,)	41
(18209875,)	2
(18215662,)	1
(18224480,)	3
(18203681,)	1
(18220300,)	1
(18216141,)	1
(18213720,)	9
(18224975,)	3
(18221505,)	2
(18212201,)	1
(18205381,)	7
(18219986,)	1
(18210040,)	33
(18209007,)	39
(18218874,)	2
(18197026,)	26
(18205860,)	7
(18201701,)	22
(18204811,)	6
(18219416,)	1
(18200182,)	15
(18197505,)	11
(18207967,)	4
(18214380,)	1
(18217750,)	214
(18219622,)	2
(18205471,)	1
(18207083,)	1
(18209081,)	2
(18203936,)	5
(18217915,)	1
(18206206,)	7
(18201791,)	17
(18205157,)	7
(18214000,)	1
(18216396,)	48
(18224206,)	14
(18218394,)	2
(18223157,)	20
(18197851,)	27
(18206992,)	1
(18223636,)	1
(18201956,)	24
(18207743,)	3
(18205066,)	10
(18200907,)	12
(18209741,)	1
(18204596,)	2
(18212406,)	1
(18204777,)	8
(18214404,)	1
(18207173,)	1
(18210220,)	63
(18198511,)	20
(18197462,)	1
(18212092,)	1
(18205256,)	6
(18211043,)	48
(18214090,)	1
(18195943,)	42
(18223247,)	25
(18200346,)	30
(18212571,)	5
(18196892,)	19
(18205751,)	1
(18204702,)	1
(18210410,)	4
(18215941,)	1
(18213520,)	1
(18219307,)	3
(18215148,)	1
(18223982,)	2
(18200032,)	2
(18196603,)	2
(18205437,)	8
(18214271,)	14
(18209840,)	1
(18215627,)	2
(18213222,)	3
(18224461,)	3
(18222040,)	1
(18223412,)	17
(18200527,)	1
(18205916,)	6
(18207272,)	36
(18210335,)	2
(18216106,)	4
(18218360,)	3
(18206395,)	2
(18205346,)	7
(18211133,)	1
(18221000,)	18
(18214180,)	2
(18196042,)	45
(18210021,)	20
(18224626,)	1
(18223577,)	10
(18211612,)	1
(18205032,)	34
(18200617,)	13
(18216287,)	4
(18217236,)	2
(18211298,)	1
(18196223,)	1
(18209930,)	2
(18199577,)	28
(18197172,)	17
(18208411,)	1
(18206006,)	7
(18211777,)	6
(18207362,)	1
(18214824,)	1
(18219587,)	15
(18210665,)	6
(18216196,)	17
(18213791,)	22
(18222634,)	1
(18223213,)	1
(18196858,)	1
(18211223,)	4
(18207048,)	8
(18209062,)	1
(18218929,)	1
(18198386,)	2
(18203917,)	1
(18197337,)	15
(18198709,)	1
(18205122,)	10
(18219752,)	3
(18210590,)	53
(18215312,)	90
(18204652,)	14
(18200237,)	11
(18196783,)	26
(18209227,)	32
(18197262,)	22
(18206080,)	6
(18207708,)	2
(18213890,)	15
(18197997,)	1
(18196948,)	1
(18214625,)	12
(18206286,)	7
(18198799,)	6
(18205237,)	5
(18211008,)	13
(18207617,)	20
(18200327,)	31
(18197906,)	52
(18208377,)	2
(18204923,)	1
(18216162,)	22
(18219272,)	1
(18196568,)	147
(18205402,)	1
(18220800,)	1
(18214236,)	2
(18198096,)	9
(18203883,)	5
(18211668,)	13
(18201722,)	1
(18207253,)	1
(18204832,)	3
(18215294,)	71
(18205327,)	7
(18211098,)	16
(18196023,)	1
(18222979,)	36
(18203792,)	4
(18201647,)	1
(18205013,)	55
(18214880,)	2
(18200598,)	28
(18213847,)	3
(18196658,)	1
(18207897,)	1
(18216731,)	2
(18196188,)	2
(18213277,)	1
(18218985,)	1
(18203973,)	2
(18197137,)	1
(18212807,)	3
(18205971,)	10
(18205178,)	6
(18214805,)	21
(18216417,)	93
(18200293,)	24
(18197872,)	14
(18196839,)	14
(18208078,)	40
(18207029,)	1
(18213467,)	1
(18208557,)	3
(18207508,)	3
(18205103,)	52
(18213946,)	14
(18223359,)	55
(18203568,)	3
(18207194,)	1
(18209192,)	17
(18198276,)	41
(18208722,)	25
(18211064,)	1
(18207673,)	3
(18214127,)	1
(18210720,)	1
(18213078,)	1
(18203774,)	23
(18205772,)	2
(18207119,)	1
(18215962,)	166
(18213557,)	3
(18196443,)	1
(18223747,)	17
(18203204,)	34
(18197392,)	46
(18206251,)	10
(18195873,)	19
(18208828,)	2
(18218711,)	31
(18203683,)	1
(18200548,)	1
(18197119,)	1
(18205937,)	6
(18211468,)	18
(18202546,)	8
(18214771,)	32
(18221507,)	136
(18207788,)	3
(18214201,)	1
(18213152,)	3
(18205862,)	6
(18201703,)	13
(18204813,)	2
(18214680,)	118
(18219418,)	16
(18209472,)	1
(18207953,)	1
(18214382,)	1
(18215738,)	10
(18198242,)	1
(18223523,)	15
(18212863,)	1
(18204978,)	1
(18214861,)	9
(18219608,)	1
(18195674,)	18
(18221622,)	14
(18204508,)	1
(18224002,)	1
(18200093,)	9
(18205457,)	2
(18216952,)	1
(18215919,)	2
(18224762,)	1
(18222101,)	20
(18198167,)	8
(18202889,)	28
(18212772,)	2
(18208613,)	25
(18205159,)	5
(18214002,)	5
(18212953,)	5
(18224192,)	23
(18211434,)	1
(18202256,)	38
(18208043,)	9
(18205638,)	13
(18214481,)	1
(18220268,)	2
(18197283,)	1
(18208522,)	17
(18206117,)	7
(18220747,)	1
(18222745,)	13
(18209743,)	3
(18223324,)	15
(18200439,)	35
(18204779,)	7
(18214406,)	45
(18196243,)	1
(18210222,)	2
(18223803,)	10
(18221398,)	2
(18205258,)	5
(18214092,)	2
(18213043,)	1
(18221877,)	2
(18217718,)	1
(18223233,)	25
(18210412,)	14
(18213522,)	1
(18223968,)	27
(18200034,)	3
(18206216,)	28
(18207844,)	3
(18202032,)	47
(18209842,)	2
(18213208,)	4
(18223091,)	1
(18222042,)	1
(18197084,)	1
(18205918,)	6
(18201478,)	1
(18215059,)	13
(18205348,)	1
(18214182,)	13
(18196044,)	170
(18223579,)	5
(18212663,)	1
(18198621,)	1
(18208488,)	13
(18211614,)	7
(18201668,)	29
(18214661,)	1
(18200619,)	1
(18209453,)	38
(18218287,)	23
(18196695,)	163
(18207934,)	3
(18214347,)	41
(18209932,)	2
(18209139,)	10
(18224537,)	8
(18203994,)	1
(18217973,)	27
(18197174,)	1
(18205992,)	5
(18211779,)	4
(18214826,)	8
(18200314,)	34
(18197653,)	2
(18196860,)	23
(18202312,)	1
(18215884,)	1
(18198388,)	17
(18203919,)	1
(18197339,)	8
(18203126,)	48
(18207529,)	3
(18205124,)	28
(18200709,)	1
(18221752,)	2
(18223124,)	8
(18197818,)	24
(18196769,)	3
(18211415,)	5
(18208008,)	3
(18214462,)	42
(18220233,)	2
(18215025,)	3
(18199925,)	10
(18219679,)	3
(18195729,)	2
(18224338,)	64
(18221933,)	1
(18200404,)	32
(18212373,)	1
(18199355,)	2
(18204744,)	40
(18198478,)	1
(18198785,)	1
(18205239,)	7
(18209898,)	2
(18215429,)	120
(18203704,)	2
(18204925,)	2
(18205404,)	10
(18220802,)	1
(18214238,)	2
(18208774,)	24
(18224428,)	7
(18214717,)	7
(18200675,)	1
(18224907,)	1
(18196495,)	4
(18212149,)	2
(18207990,)	4
(18208939,)	12
(18199635,)	2
(18203001,)	2
(18219645,)	1
(18209418,)	1
(18197709,)	5
(18214312,)	1
(18196190,)	85
(18213279,)	1
(18198188,)	3
(18217938,)	12
(18205180,)	7
(18215370,)	3
(18221808,)	2
(18223180,)	20
(18208064,)	1
(18205659,)	4
(18213469,)	1
(18218896,)	20
(18199725,)	11
(18211950,)	11
(18205089,)	8
(18210813,)	1
(18216328,)	10
(18209764,)	3
(18200204,)	14
(18197799,)	2
(18196750,)	266
(18207196,)	1
(18213378,)	10
(18196264,)	59
(18223824,)	17
(18204049,)	2
(18206328,)	17
(18220693,)	1
(18216534,)	18
(18214113,)	2
(18221898,)	2
(18202383,)	2
(18204725,)	7
(18198443,)	1
(18203206,)	4
(18207865,)	3
(18205204,)	6
(18206816,)	1
(18195875,)	1
(18203685,)	2
(18197105,)	1
(18205939,)	7
(18211470,)	168
(18207311,)	1
(18216129,)	1
(18224963,)	1
(18218143,)	25
(18223914,)	29
(18196551,)	2
(18212205,)	3
(18198931,)	4
(18196065,)	4
(18215575,)	36
(18223037,)	2
(18223600,)	2
(18212684,)	1
(18211635,)	3
(18207476,)	84
(18200640,)	3
(18219420,)	1
(18202168,)	2
(18195990,)	19
(18208434,)	1
(18206029,)	1
(18201614,)	2
(18207385,)	1
(18213814,)	4
(18209655,)	1
(18218473,)	17
(18205459,)	16
(18211246,)	14
(18214293,)	1
(18210134,)	3
(18215905,)	1
(18203940,)	5
(18199781,)	2
(18207566,)	3
(18210613,)	30
(18204419,)	131
(18218398,)	1
(18203626,)	1
(18206673,)	2
(18205624,)	8
(18216879,)	1
(18196320,)	1
(18206119,)	22
(18220749,)	1
(18205070,)	12
(18215541,)	31
(18212864,)	2
(18204584,)	2
(18200425,)	101
(18212394,)	1
(18199376,)	13
(18196971,)	7
(18204781,)	10
(18210208,)	1
(18209175,)	1
(18199871,)	99
(18205260,)	13
(18201076,)	13
(18210703,)	34
(18221879,)	2
(18223235,)	8
(18205739,)	5
(18211526,)	1
(18204690,)	11
(18214573,)	1
(18213524,)	1
(18196410,)	1
(18218199,)	2
(18206218,)	3
(18207846,)	1
(18205425,)	7
(18202034,)	42
(18214259,)	1
(18215631,)	1
(18213210,)	60
(18195840,)	2
(18208795,)	3
(18200515,)	17
(18199466,)	40
(18207276,)	35
(18210323,)	7
(18209530,)	19
(18224928,)	1
(18217315,)	1
(18196516,)	1
(18205350,)	7
(18211121,)	1
(18221004,)	1
(18210009,)	13
(18213135,)	1
(18223002,)	11
(18218843,)	53
(18205036,)	15
(18216275,)	20
(18197730,)	19
(18196681,)	205
(18219096,)	2
(18209934,)	2
(18215705,)	20
(18224539,)	49
(18197160,)	213
(18208415,)	59
(18204945,)	7
(18214828,)	205
(18219591,)	1
(18210669,)	47
(18216440,)	1
(18213779,)	2
(18195641,)	13
(18209620,)	14
(18199267,)	10
(18205680,)	22
(18207052,)	1
(18210099,)	4
(18209050,)	2
(18199746,)	16
(18212739,)	1
(18206175,)	11
(18205126,)	5
(18200711,)	39
(18209785,)	3
(18220235,)	2
(18208745,)	1
(18222968,)	1
(18207142,)	1
(18214936,)	2
(18224819,)	1
(18223770,)	37
(18206274,)	1
(18212061,)	25
(18208670,)	23
(18205225,)	12
(18211012,)	17
(18209900,)	1
(18205704,)	7
(18196391,)	31
(18209330,)	15
(18224984,)	3
(18220804,)	2
(18218643,)	2
(18205885,)	6
(18211656,)	20
(18214719,)	9
(18210544,)	3
(18209511,)	12
(18224909,)	49
(18197530,)	15
(18207976,)	4
(18197216,)	1
(18212630,)	98
(18205001,)	5
(18219647,)	3
(18218254,)	1
(18200116,)	16
(18206529,)	10
(18207901,)	39
(18205480,)	7
(18214314,)	296
(18196176,)	1
(18213265,)	1
(18205975,)	5
(18207587,)	3
(18205182,)	5
(18219556,)	1
(18222603,)	47
(18221810,)	34
(18204440,)	2
(18203407,)	1
(18202295,)	1
(18201246,)	16
(18207017,)	2
(18215851,)	1
(18206140,)	5
(18207496,)	19
(18205091,)	9
(18222768,)	1
(18204621,)	8
(18197785,)	18
(18214429,)	1
(18207198,)	1
(18216041,)	1
(18210245,)	3
(18209196,)	58
(18223826,)	1
(18198520,)	13
(18204051,)	66
(18197487,)	19
(18206330,)	19
(18211861,)	1
(18208726,)	54
(18205281,)	31
(18210724,)	40
(18213066,)	1
(18222949,)	1
(18209675,)	62
(18221900,)	26
(18217485,)	1
(18223256,)	21
(18205760,)	8
(18204727,)	8
(18196447,)	1
(18198445,)	105
(18205206,)	3
(18216701,)	67
(18195877,)	22
(18217650,)	13
(18223437,)	37
(18200536,)	1
(18205941,)	23
(18211456,)	2
(18204892,)	7
(18212207,)	48
(18207776,)	3
(18203852,)	13
(18197016,)	2
(18208271,)	1
(18205850,)	1
(18204801,)	5
(18220471,)	2
(18200642,)	9
(18210525,)	101
(18216296,)	1
(18213635,)	1
(18209476,)	1
(18222469,)	2
(18200172,)	2
(18197511,)	3
(18199123,)	1
(18211323,)	40
(18195976,)	5
(18208906,)	2
(18204017,)	1
(18217740,)	13
(18197197,)	1
(18207387,)	5
(18204982,)	1
(18214849,)	1
(18219612,)	3
(18200823,)	1
(18195678,)	1
(18199288,)	15
(18201302,)	47
(18207073,)	1
(18216956,)	4
(18196157,)	1
(18215907,)	2
(18209087,)	2
(18223717,)	72
(18217905,)	28
(18212760,)	1
(18208601,)	14
(18207552,)	17
(18214006,)	42
(18219521,)	3
(18222824,)	1
(18209566,)	15
(18224196,)	1
(18218384,)	99
(18204107,)	23
(18211917,)	17
(18207733,)	61
(18205056,)	11
(18215543,)	2
(18199378,)	1
(18205816,)	19
(18204783,)	10
(18220181,)	2
(18213601,)	10
(18224840,)	1
(18221386,)	1
(18198501,)	18
(18214080,)	15
(18203743,)	49
(18196882,)	291
(18205741,)	10
(18211512,)	11
(18207353,)	2
(18204692,)	3
(18209367,)	1
(18223972,)	9
(18198410,)	16
(18200038,)	2
(18205427,)	24
(18220825,)	1
(18209846,)	2
(18215617,)	4
(18208797,)	1
(18222046,)	3
(18200517,)	2
(18197072,)	2
(18212486,)	1
(18224930,)	3
(18207757,)	4
(18205336,)	7
(18201177,)	8
(18215798,)	2
(18223004,)	1
(18221955,)	83
(18205831,)	30
(18207443,)	3
(18205038,)	1
(18218275,)	9
(18199088,)	1
(18202151,)	52
(18205517,)	5
(18214351,)	55
(18215707,)	1
(18213302,)	20
(18218754,)	65
(18198534,)	17
(18208103,)	1
(18205682,)	9
(18213492,)	1
(18223682,)	34
(18198376,)	4
(18210924,)	2
(18212922,)	1
(18209787,)	24
(18215318,)	9
(18223112,)	142
(18200227,)	47
(18206640,)	14
(18205607,)	25
(18207219,)	1
(18215029,)	28
(18209217,)	1
(18199913,)	1
(18208747,)	7
(18206086,)	30
(18201927,)	1
(18222970,)	5
(18209696,)	2
(18221921,)	2
(18223293,)	24
(18204748,)	8
(18210191,)	2
(18204278,)	1
(18217985,)	30
(18206276,)	5
(18205227,)	2
(18220881,)	20
(18214061,)	16
(18209902,)	2
(18217687,)	2
(18223458,)	1
(18205706,)	7
(18207334,)	3
(18204913,)	8
(18196377,)	21
(18224986,)	181
(18217117,)	2
(18198954,)	2
(18211179,)	38
(18220806,)	22
(18214226,)	1
(18220013,)	2
(18196088,)	1
(18215598,)	1
(18197053,)	2
(18212707,)	1
(18207243,)	1
(18209497,)	1
(18224911,)	1
(18211088,)	19
(18219922,)	2
(18209976,)	20
(18208943,)	1
(18218810,)	1
(18221152,)	91
(18198267,)	1
(18212616,)	33
(18205003,)	8
(18213837,)	1
(18207903,)	19
(18205482,)	1
(18210157,)	2
(18213267,)	1
(18209108,)	19
(18217942,)	1
(18197143,)	3
(18205168,)	10
(18200753,)	3
(18204442,)	15
(18214506,)	5
(18220037,)	1
(18207019,)	1
(18224696,)	1
(18218900,)	1
(18206142,)	8
(18205093,)	8
(18213936,)	3
(18216332,)	1
(18222770,)	9
(18209752,)	3
(18200192,)	18
(18199415,)	1
(18205572,)	7
(18207184,)	1
(18219153,)	17
(18211070,)	39
(18207679,)	3
(18210726,)	1
(18221902,)	72
(18197952,)	1
(18205762,)	8
(18202371,)	2
(18204713,)	10
(18214596,)	68
(18219334,)	3
(18214919,)	3
(18223993,)	1
(18212028,)	2
(18205192,)	1
(18209867,)	2
(18213233,)	3
(18208818,)	84
(18200538,)	1
(18204894,)	7
(18213712,)	50
(18196358,)	2
(18215084,)	39
(18223918,)	1
(18197588,)	1
(18212193,)	42
(18205373,)	7
(18216612,)	30
(18213158,)	1
(18223025,)	2
(18224397,)	1
(18203854,)	2
(18197018,)	64
(18205852,)	8
(18201693,)	1
(18207464,)	3
(18204803,)	2
(18213637,)	35
(18196704,)	1
(18206910,)	23
(18219135,)	1
(18209957,)	2
(18215728,)	14
(18208908,)	25
(18224562,)	3
(18204019,)	1
(18206017,)	1
(18211804,)	8
(18201602,)	1
(18219614,)	1
(18200809,)	1
(18222661,)	1
(18223224,)	17
(18196629,)	48
(18212283,)	2
(18207075,)	1
(18210122,)	1
(18222091,)	2
(18202895,)	2
(18211713,)	2
(18205149,)	5
(18213992,)	1
(18219523,)	1
(18210601,)	16
(18195589,)	28
(18197843,)	25
(18205628,)	6
(18206984,)	1
(18203060,)	2
(18208512,)	10
(18206107,)	15
(18207735,)	3
(18210212,)	2
(18208693,)	2
(18205248,)	258
(18211035,)	25
(18221867,)	1
(18205743,)	1
(18207355,)	25
(18222346,)	12
(18205429,)	8
(18220827,)	33
(18208799,)	2
(18203654,)	2
(18205908,)	10
(18202517,)	12
(18214742,)	1
(18200700,)	1
(18206387,)	1
(18210013,)	2
(18213123,)	2
(18206073,)	5
(18207924,)	3
(18216758,)	1
(18213288,)	2
(18224543,)	11
(18203984,)	1
(18204949,)	10
(18200790,)	49
(18210657,)	1
(18204479,)	10
(18200304,)	1
(18196850,)	36
(18202318,)	13
(18208089,)	9
(18205684,)	248
(18211215,)	3
(18219009,)	1
(18224733,)	9
(18203909,)	1
(18197329,)	1
(18212743,)	20
(18207535,)	1
(18210582,)	1
(18216353,)	32
(18212924,)	41
(18209789,)	5
(18223114,)	5
(18202483,)	1
(18208014,)	2
(18205593,)	5
(18207221,)	1
(18196289,)	9
(18224642,)	1
(18209219,)	1
(18211884,)	1
(18208749,)	2
(18205304,)	5
(18207700,)	10
(18210747,)	1
(18221923,)	1
(18204553,)	48
(18212363,)	5
(18196940,)	2
(18214617,)	1
(18215989,)	1
(18224823,)	3
(18221353,)	2
(18206278,)	9
(18209888,)	2
(18202573,)	1
(18204915,)	7
(18210383,)	1
(18216154,)	2
(18211974,)	2
(18205394,)	51
(18211181,)	1
(18206766,)	2
(18214228,)	28
(18209813,)	5
(18215584,)	1
(18213179,)	3
(18203875,)	1
(18199435,)	1
(18205873,)	5
(18207245,)	1
(18204824,)	15
(18196485,)	4
(18215765,)	337
(18218812,)	1
(18198576,)	18
(18205005,)	5
(18210457,)	2
(18213839,)	1
(18209408,)	12
(18200104,)	2
(18205484,)	7
(18207096,)	55
(18214318,)	1
(18196180,)	1
(18210159,)	1
(18213269,)	1
(18198178,)	13
(18197129,)	1
(18207591,)	24
(18205170,)	32
(18210638,)	126
(18212980,)	20
(18209589,)	1
(18218423,)	1
(18197864,)	44
(18199236,)	1
(18205649,)	52
(18214508,)	28
(18207021,)	1
(18222293,)	1
(18218902,)	4
(18197310,)	1
(18207500,)	7
(18205095,)	12
(18210803,)	13
(18212889,)	1
(18221723,)	9
(18197789,)	19
(18199401,)	8
(18206623,)	1
(18222458,)	2
(18209184,)	11
(18199880,)	1
(18211056,)	11
(18213070,)	1
(18222937,)	2
(18209679,)	4
(18221888,)	2
(18212584,)	1
(18208144,)	23
(18204715,)	5
(18207111,)	3
(18209390,)	18
(18205194,)	1
(18210981,)	1
(18214028,)	1
(18209869,)	2
(18200540,)	1
(18207301,)	1
(18216135,)	9
(18215086,)	1
(18224953,)	5
(18205375,)	2
(18206731,)	2
(18213144,)	3
(18208985,)	15
(18224399,)	13
(18203840,)	2
(18223606,)	16
(18197020,)	362
(18212674,)	34
(18205854,)	21
(18204805,)	6
(18213639,)	3
(18202174,)	1
(18207945,)	4
(18220938,)	1
(18208910,)	4
(18204021,)	1
(18197185,)	13
(18206019,)	12
(18211806,)	1
(18220649,)	2
(18214853,)	1
(18219600,)	9
(18216209,)	1
(18213804,)	1
(18202339,)	1
(18208126,)	13
(18207077,)	1
(18209075,)	1
(18213994,)	3
(18218388,)	8
(18200250,)	1
(18212475,)	1
(18205630,)	5
(18214473,)	1
(18220260,)	18
(18206986,)	1
(18213424,)	60
(18218099,)	15
(18223630,)	16
(18197275,)	11
(18207721,)	3
(18205060,)	28
(18210768,)	1
(18215531,)	29
(18221944,)	6
(18204590,)	31
(18200431,)	6
(18212384,)	3
(18205820,)	8
(18214654,)	24
(18207167,)	2
(18213605,)	27
(18210214,)	1
(18214961,)	1
(18198489,)	28
(18208695,)	2
(18205250,)	6
(18211037,)	15
(18195921,)	15
(18221869,)	1
(18200340,)	2
(18212565,)	1
(18207357,)	1
(18214563,)	1
(18222348,)	2
(18200026,)	2
(18196597,)	15
(18216670,)	1
(18209834,)	58
(18223083,)	2
(18224455,)	3
(18200505,)	23
(18197076,)	12
(18212730,)	3
(18208315,)	2
(18207266,)	1
(18200702,)	7
(18213695,)	13
(18219466,)	31
(18224934,)	4
(18197555,)	21
(18205340,)	7
(18216579,)	2
(18214174,)	1
(18198034,)	59
(18203821,)	35
(18202772,)	2
(18198613,)	23
(18206075,)	5
(18205026,)	10
(18200611,)	14
(18224050,)	1
(18205505,)	1
(18213290,)	3
(18218758,)	2
(18212820,)	3
(18198778,)	2
(18208405,)	10
(18200776,)	32
(18210659,)	1
(18196852,)	1
(18206479,)	3
(18207042,)	1
(18213480,)	1
(18215876,)	2
(18198380,)	2
(18203911,)	1
(18206165,)	24
(18207521,)	3
(18205116,)	4
(18210568,)	13
(18209791,)	3
(18215306,)	33
(18217585,)	39
(18208000,)	5
(18207223,)	1
(18213405,)	3
(18209221,)	1
(18208751,)	2
(18205306,)	7
(18213091,)	166
(18209700,)	29
(18212365,)	15
(18208181,)	2
(18204736,)	1
(18207132,)	1
(18204266,)	1
(18208660,)	2
(18205231,)	7
(18206843,)	3
(18214049,)	30
(18209890,)	2
(18208841,)	2
(18202663,)	1
(18205710,)	7
(18204917,)	1
(18224990,)	4
(18197611,)	1
(18200007,)	2
(18196562,)	23
(18206752,)	1
(18220001,)	13
(18209815,)	13
(18223048,)	163
(18198090,)	1
(18203877,)	1
(18211662,)	7
(18207247,)	1
(18216065,)	7
(18207982,)	2
(18211092,)	1
(18196001,)	1
(18203786,)	1
(18223536,)	2
(18197222,)	1
(18202993,)	7
(18198578,)	31
(18206040,)	1
(18201625,)	1
(18210459,)	2
(18209410,)	25
(18205486,)	5
(18220116,)	1
(18209096,)	14
(18218979,)	23
(18197131,)	40
(18220595,)	2
(18200757,)	7
(18199238,)	34
(18213461,)	1
(18215841,)	1
(18223651,)	18
(18207502,)	3
(18212891,)	19
(18209756,)	3
(18221725,)	1
(18197791,)	7
(18204792,)	3
(18207188,)	3
(18224865,)	16
(18223816,)	10
(18198526,)	1
(18211851,)	22
(18210714,)	1
(18223262,)	3
(18199312,)	6
(18196907,)	198
(18205766,)	18
(18215956,)	21
(18213551,)	3
(18197386,)	54
(18212016,)	29
(18209871,)	2
(18195867,)	19
(18208822,)	10
(18200542,)	3
(18220536,)	1
(18216121,)	1
(18215072,)	6
(18224955,)	1
(18223906,)	43
(18221501,)	1
(18197576,)	10
(18199972,)	1
(18212197,)	15
(18211148,)	1
(18206733,)	3
(18213146,)	1
(18223029,)	8
(18218870,)	1
(18217821,)	38
(18200451,)	6
(18202793,)	1
(18212676,)	2
(18205840,)	8
(18211627,)	11
(18204807,)	2
(18219412,)	1
(18199113,)	31
(18206591,)	7
(18205542,)	1
(18211313,)	100
(18216781,)	1
(18219123,)	35
(18224566,)	3
(18204972,)	35
(18200813,)	1
(18223228,)	39
(18203453,)	26
(18212287,)	1
(18214285,)	1
(18210126,)	1
(18215897,)	3
(18222095,)	1
(18198145,)	1
(18197352,)	1
(18206186,)	4
(18205137,)	38
(18204667,)	6
(18203618,)	5
(18212477,)	10
(18199203,)	22
(18206988,)	1
(18224665,)	46
(18206111,)	7
(18220741,)	1
(18201936,)	42
(18200903,)	31
(18221946,)	19
(18204576,)	2
(18223318,)	28
(18205822,)	5
(18208202,)	33
(18204773,)	5
(18207153,)	1
(18224846,)	1
(18209167,)	9
(18203254,)	1
(18199863,)	9
(18205252,)	6
(18220906,)	28
(18214086,)	1
(18195923,)	1
(18221871,)	1
(18223483,)	1
(18200342,)	4
(18204682,)	7
(18210406,)	142
(18209357,)	11
(18205417,)	7
(18215623,)	1
(18213202,)	1
(18208787,)	2
(18224441,)	3
(18198127,)	1
(18203898,)	17
(18220517,)	34
(18216102,)	20
(18202216,)	1
(18207747,)	3
(18205342,)	7
(18211113,)	2
(18222994,)	4
(18217786,)	2
(18205028,)	14
(18220426,)	14
(18210480,)	1
(18209447,)	1
(18224052,)	62
(18205507,)	8
(18206879,)	17
(18196203,)	1
(18209133,)	1
(18224531,)	3
(18203988,)	1
(18207614,)	2
(18204937,)	8
(18214820,)	1
(18222630,)	4
(18204467,)	37
(18200308,)	26
(18212252,)	1
(18211203,)	124
(18207044,)	1
(18219013,)	64
(18209042,)	1
(18221267,)	1
(18211963,)	2
(18207523,)	3
(18205118,)	61
(18222795,)	1
(18199168,)	5
(18205597,)	8
(18220227,)	7
(18216836,)	62
(18213407,)	26
(18215019,)	1
(18198291,)	1
(18205308,)	22
(18210839,)	1
(18204557,)	61
(18196928,)	5
(18220392,)	3
(18213572,)	1
(18214928,)	1
(18224811,)	3
(18199828,)	23
(18212053,)	1
(18220887,)	6
(18201033,)	34
(18222885,)	36
(18223448,)	1
(18200563,)	1
(18207324,)	1
(18216158,)	1
(18196383,)	56
(18209322,)	23
(18223943,)	6
(18196564,)	4
(18207803,)	1
(18205398,)	1
(18209801,)	3
(18200472,)	1
(18201718,)	7
(18207233,)	3
(18204828,)	8
(18213662,)	1
(18219433,)	2
(18197522,)	2
(18196729,)	2
(18207968,)	19
(18211094,)	1
(18196003,)	1
(18218800,)	1
(18198257,)	45
(18206042,)	7
(18200578,)	1
(18213827,)	1
(18221637,)	2
(18206521,)	3
(18212308,)	1
(18220118,)	1
(18207100,)	1
(18214306,)	1
(18215934,)	1
(18218981,)	7
(18221067,)	1
(18198182,)	1
(18197133,)	1
(18211738,)	1
(18205174,)	9
(18214785,)	18
(18200759,)	3
(18223174,)	3
(18211449,)	7
(18208058,)	2
(18207009,)	1
(18213463,)	2
(18210056,)	6
(18218890,)	1
(18216322,)	1
(18195779,)	4
(18197777,)	11
(18204794,)	9
(18207190,)	1
(18219159,)	1
(18196258,)	2
(18211853,)	11
(18208718,)	51
(18205273,)	9
(18211060,)	99
(18214107,)	1
(18199314,)	12
(18205752,)	3
(18215958,)	107
(18213537,)	1
(18219324,)	2
(18218212,)	19
(18203184,)	1
(18206247,)	5
(18199000,)	19
(18205198,)	6
(18210969,)	65
(18201014,)	51
(18195869,)	19
(18205933,)	5
(18207289,)	14
(18224957,)	6
(18206412,)	15
(18207768,)	3
(18205363,)	6
(18206735,)	23
(18216602,)	13
(18213148,)	1
(18208989,)	1
(18223594,)	1
(18198636,)	1
(18208263,)	53
(18205842,)	7
(18201683,)	1
(18207470,)	3
(18210517,)	1
(18213883,)	3
(18207949,)	1
(18201113,)	1
(18209947,)	2
(18224552,)	6
(18198238,)	18
(18199594,)	2
(18206023,)	29
(18211794,)	1
(18204974,)	10
(18219604,)	3
(18210682,)	1
(18200073,)	1
(18196619,)	2
(18206502,)	5
(18205453,)	8
(18207065,)	8
(18210112,)	1
(18215899,)	1
(18222081,)	2
(18209079,)	2
(18218946,)	1
(18223709,)	11
(18202885,)	76
(18211719,)	12
(18205139,)	47
(18216378,)	1
(18212949,)	52
(18215329,)	31
(18204669,)	5
(18218376,)	20
(18203620,)	1
(18202252,)	2
(18214477,)	1
(18206990,)	1
(18210293,)	10
(18215808,)	2
(18209244,)	1
(18206097,)	8
(18210860,)	1
(18220743,)	1
(18207725,)	8
(18213114,)	1
(18223304,)	10
(18198014,)	1
(18205808,)	8
(18211339,)	20
(18208204,)	4
(18207155,)	1
(18216963,)	10
(18199849,)	1
(18205254,)	8
(18216493,)	2
(18214072,)	2
(18201070,)	3
(18209913,)	2
(18222906,)	4
(18203735,)	2
(18205733,)	3
(18204684,)	20
(18196404,)	1
(18209359,)	39
(18204214,)	1
(18200030,)	50
(18206212,)	11
(18198981,)	15
(18202028,)	39
(18220024,)	3
(18223087,)	13
(18203900,)	1
(18197064,)	2
(18202851,)	2
(18199460,)	1
(18205898,)	7
(18207270,)	1
(18204849,)	7
(18210317,)	8
(18215055,)	52
(18224922,)	1
(18196510,)	3
(18212164,)	1
(18207749,)	3
(18205328,)	1
(18211115,)	1
(18206956,)	1
(18216583,)	58
(18210003,)	24
(18222996,)	1
(18218837,)	2
(18223575,)	15
(18197245,)	5
(18214897,)	1
(18220428,)	1
(18213848,)	8
(18203511,)	2
(18217218,)	31
(18196675,)	1
(18205509,)	6
(18220139,)	1
(18210168,)	1
(18198203,)	20
(18203990,)	1
(18207600,)	3
(18219569,)	1
(18213773,)	3
(18222616,)	44
(18203420,)	48
(18207046,)	4
(18223674,)	13
(18207525,)	1
(18205104,)	1
(18209779,)	3
(18217589,)	2
(18223104,)	1
(18211395,)	1
(18205599,)	7
(18213393,)	3
(18209209,)	63
(18223855,)	2
(18205310,)	15
(18220708,)	96
(18210737,)	1
(18204740,)	5
(18210183,)	1
(18198458,)	18
(18203221,)	2
(18201035,)	15
(18209894,)	2
(18208845,)	2
(18202651,)	1
(18205698,)	6
(18204905,)	8
(18210373,)	84
(18196369,)	2
(18223929,)	1
(18221524,)	1
(18203386,)	1
(18196566,)	128
(18207805,)	3
(18205384,)	13
(18209803,)	1
(18223052,)	1
(18217844,)	1
(18223375,)	10
(18200474,)	1
(18197045,)	1
(18199425,)	4
(18205879,)	5
(18207235,)	187
(18210538,)	1
(18216069,)	2
(18213648,)	2
(18224903,)	4
(18196731,)	11
(18217753,)	275
(18206044,)	9
(18204995,)	6
(18219625,)	7
(18200580,)	1
(18215185,)	1
(18205474,)	1
(18207102,)	1
(18198168,)	35
(18199796,)	1
(18202906,)	3
(18205953,)	3
(18207581,)	1
(18222597,)	4
(18223160,)	2
(18205655,)	8
(18214498,)	1
(18201224,)	144
(18207011,)	1
(18213449,)	3
(18215845,)	6
(18218892,)	28
(18198349,)	1
(18212895,)	39
(18224134,)	2
(18196986,)	9
(18214423,)	1
(18207176,)	1
(18196260,)	2
(18224869,)	1
(18221415,)	2
(18204045,)	1
(18198837,)	2
(18208704,)	3
(18205275,)	8
(18207671,)	1
(18214109,)	16
(18219880,)	2
(18210718,)	13
(18213060,)	8
(18222943,)	2
(18215944,)	3
(18219326,)	1
(18196425,)	47
(18209380,)	8
(18223985,)	20
(18221324,)	1
(18198439,)	1
(18205184,)	10
(18220854,)	3
(18214018,)	2
(18219805,)	7
(18223431,)	2
(18200530,)	1
(18212499,)	1
(18205935,)	1
(18201495,)	3
(18216125,)	1
(18209289,)	59
(18223910,)	2
(18211136,)	1
(18201206,)	28
(18206721,)	2
(18210024,)	32
(18213150,)	13
(18218858,)	1
(18224389,)	2
(18200455,)	1
(18205844,)	15
(18201685,)	8
(18214678,)	68
(18216290,)	1
(18204325,)	2
(18197745,)	5
(18196696,)	1
(18211317,)	1
(18216769,)	29
(18219127,)	1
(18195970,)	22
(18209949,)	2
(18208900,)	1
(18218783,)	6
(18198224,)	1
(18204011,)	1
(18197191,)	8
(18204960,)	6
(18215422,)	41
(18223216,)	5
(18200075,)	10
(18197670,)	53
(18199282,)	12
(18196621,)	1
(18207067,)	1
(18210114,)	6
(18221290,)	1
(18199761,)	2
(18197356,)	1
(18212754,)	1
(18206190,)	9
(18212951,)	16
(18209544,)	1
(18197835,)	3
(18199207,)	81
(18196786,)	529
(18211416,)	1
(18214479,)	1
(18206099,)	7
(18210862,)	2
(18207727,)	8
(18213116,)	1
(18222743,)	20
(18205810,)	6
(18202419,)	1
(18207157,)	1
(18210204,)	11
(18209155,)	1
(18205240,)	1
(18220910,)	40
(18207636,)	3
(18216495,)	294
(18209915,)	2
(18218749,)	13
(18205735,)	10
(18215132,)	1
(18205421,)	1
(18220819,)	3
(18214255,)	61
(18208791,)	3
(18203902,)	516
(18223396,)	1
(18197066,)	1
(18211687,)	11
(18207256,)	1
(18214734,)	2
(18223875,)	1
(18207751,)	3
(18206958,)	1
(18219951,)	6
(18196026,)	1
(18210005,)	3
(18215776,)	1
(18213371,)	1
(18222998,)	1
(18203811,)	4
(18202762,)	40
(18206065,)	8
(18211596,)	1
(18207437,)	3
(18205016,)	1
(18200131,)	1
(18207916,)	3
(18206867,)	68
(18213280,)	3
(18212810,)	1
(18205990,)	9
(18207602,)	8
(18204941,)	1
(18200296,)	1
(18217385,)	6
(18206469,)	1
(18208081,)	2
(18211207,)	50
(18201261,)	1
(18219257,)	6
(18210095,)	17
(18215866,)	2
(18197321,)	19
(18206155,)	6
(18207527,)	20
(18205106,)	97
(18209781,)	3
(18200221,)	25
(18203587,)	2
(18205585,)	8
(18207213,)	1
(18213395,)	109
(18209211,)	2
(18201905,)	1
(18199337,)	16
(18208171,)	1
(18204742,)	1
(18214609,)	19
(18219347,)	2
(18209401,)	46
(18214932,)	1
(18223766,)	1
(18199816,)	11
(18197411,)	1
(18205221,)	10
(18209880,)	1
(18213006,)	1
(18224501,)	4
(18197890,)	2
(18205700,)	7
(18211487,)	1
(18207312,)	1
(18223931,)	25
(18212222,)	16
(18207807,)	6
(18206758,)	17
(18214220,)	14
(18213171,)	22
(18223054,)	5
(18212701,)	1
(18208286,)	71
(18207237,)	1
(18204816,)	12
(18214699,)	2
(18210540,)	1
(18216071,)	2
(18205567,)	7
(18209970,)	4
(18221146,)	1
(18203776,)	46
(18211817,)	42
(18214864,)	2
(18221625,)	57
(18197691,)	73
(18205476,)	6
(18196172,)	3
(18218969,)	1
(18197121,)	2
(18212791,)	1
(18211742,)	17
(18207583,)	1
(18205162,)	29
(18210630,)	13
(18222599,)	22
(18203643,)	40
(18209267,)	2
(18218894,)	1
(18197302,)	3
(18206120,)	7
(18219717,)	4
(18210795,)	4
(18222764,)	1
(18223343,)	8
(18204798,)	7
(18207178,)	1
(18219147,)	1
(18224871,)	14
(18209176,)	1
(18223822,)	17
(18198516,)	3
(18204047,)	25
(18205277,)	20
(18211048,)	21
(18220675,)	1
(18221880,)	3
(18197946,)	47
(18211543,)	2
(18204707,)	4
(18220361,)	1
(18210431,)	2
(18209382,)	2
(18206235,)	7
(18220840,)	1
(18206814,)	41
(18214020,)	1
(18209861,)	3
(18222854,)	2
(18203667,)	1
(18200532,)	1
(18211708,)	2
(18207293,)	2
(18204872,)	10
(18213706,)	2
(18217332,)	2
(18199962,)	1
(18205367,)	5
(18206723,)	2
(18196063,)	12
(18210026,)	19
(18215557,)	45
(18213136,)	42
(18218860,)	2
(18197012,)	1
(18205846,)	8
(18207458,)	20
(18214664,)	28
(18210505,)	2
(18214366,)	49
(18208902,)	6
(18217976,)	23
(18223507,)	12
(18197177,)	1
(18198549,)	2
(18203443,)	11
(18212277,)	21
(18205441,)	13
(18201282,)	1
(18207069,)	4
(18215903,)	3
(18222085,)	41
(18223697,)	12
(18221292,)	2
(18203922,)	1
(18199763,)	2
(18206176,)	22
(18220566,)	2
(18201761,)	1
(18212937,)	133
(18200242,)	1
(18205622,)	2
(18214465,)	1
(18219203,)	12
(18223622,)	16
(18204103,)	1
(18206101,)	7
(18201942,)	14
(18209727,)	3
(18212376,)	1
(18205812,)	2
(18204763,)	6
(18213597,)	1
(18196227,)	1
(18210206,)	1
(18221382,)	27
(18199853,)	41
(18205242,)	7
(18214076,)	2
(18203723,)	77
(18214555,)	156
(18201537,)	1
(18215134,)	1
(18222340,)	1
(18198969,)	23
(18207828,)	3
(18206779,)	5
(18216662,)	1
(18214241,)	2
(18220028,)	1
(18213192,)	3
(18212722,)	1
(18205902,)	7
(18204853,)	5
(18200694,)	1
(18224926,)	2
(18223877,)	3
(18205332,)	5
(18211119,)	3
(18206944,)	2
(18216827,)	15
(18219937,)	1
(18208958,)	66
(18218825,)	1
(18223563,)	27
(18199654,)	1
(18197233,)	10
(18206067,)	2
(18207439,)	3
(18205018,)	1
(18213852,)	3
(18197712,)	3
(18206869,)	22
(18219094,)	1
(18210172,)	2
(18224521,)	3
(18197158,)	24
(18212812,)	1
(18220622,)	7
(18213761,)	1
(18199249,)	1
(18208083,)	2
(18207034,)	1
(18215868,)	1
(18205108,)	7
(18210560,)	2
(18212918,)	6
(18215298,)	4
(18197802,)	8
(18196753,)	3
(18206636,)	3
(18205587,)	8
(18207215,)	1
(18216058,)	56
(18218056,)	1
(18217023,)	2
(18199909,)	16
(18207694,)	3011
(18214132,)	1
(18222966,)	6
(18204728,)	5
(18215983,)	9
(18213562,)	1
(18196448,)	14
(18214934,)	1
(18198462,)	1
(18199818,)	10
(18212043,)	1
(18206835,)	52
(18208833,)	6
(18203688,)	1
(18200553,)	1
(18197892,)	10
(18212522,)	19
(18208363,)	1
(18205702,)	8
(18204909,)	6
(18210361,)	1
(18196373,)	6
(18207793,)	3
(18205388,)	10
(18196084,)	23
(18200478,)	1
(18205867,)	5
(18207239,)	1
(18214701,)	1
(18196735,)	2
(18211084,)	1
(18220967,)	29
(18198263,)	1
(18203778,)	3
(18199619,)	14
(18197214,)	31
(18212612,)	1
(18207404,)	11
(18195695,)	4
(18197693,)	12
(18196644,)	412
(18206527,)	3
(18212298,)	18
(18205478,)	7
(18211249,)	17
(18201319,)	13
(18207090,)	1
(18196174,)	1
(18210137,)	37
(18213263,)	16
(18197123,)	106
(18219538,)	1
(18224213,)	35
(18218401,)	8
(18203645,)	4
(18208048,)	1314
(18216882,)	2
(18222287,)	2
(18199709,)	33
(18205073,)	1
(18223329,)	3
(18200444,)	1
(18197783,)	1
(18196990,)	1
(18206601,)	34
(18207180,)	1
(18213618,)	4
(18224857,)	1
(18211843,)	26
(18205279,)	6
(18211050,)	1
(18195950,)	2
(18203744,)	41
(18200353,)	60
(18196899,)	123
(18211529,)	1
(18209368,)	12
(18218202,)	1
(18221312,)	1
(18198427,)	37
(18206237,)	5
(18209863,)	1
(18213229,)	1
(18195859,)	27
(18208814,)	13
(18200534,)	2
(18205923,)	7
(18207295,)	84
(18224947,)	1
(18207774,)	66
(18206725,)	2
(18214187,)	1
(18196049,)	1
(18213138,)	1
(18223021,)	1
(18208979,)	12
(18223584,)	1
(18199675,)	2
(18207460,)	3
(18218292,)	4
(18197749,)	8
(18203264,)	529
(18217243,)	2
(18204015,)	1
(18217978,)	26
(18198551,)	157
(18220643,)	28
(18210672,)	5
(18209639,)	45
(18215410,)	1
(18218457,)	1
(18200079,)	2
(18196609,)	230
(18202333,)	17
(18205443,)	1
(18207071,)	1
(18224748,)	12
(18222087,)	1
(18206178,)	5
(18210941,)	6
(18207550,)	156
(18205129,)	7
(18213988,)	7
(18224178,)	1
(18204659,)	28
(18199195,)	15
(18196790,)	44
(18205608,)	8
(18214467,)	31
(18206980,)	1
(18219205,)	12
(18215814,)	1
(18224657,)	3
(18217044,)	46
(18211899,)	17
(18207715,)	3
(18199360,)	4
(18196955,)	3
(18208194,)	24
(18204765,)	2
(18220163,)	58
(18201374,)	260
(18207145,)	1
(18205244,)	2
(18207624,)	3
(18201060,)	1
(18209919,)	2
(18222896,)	3
(18223475,)	2
(18202676,)	3
(18204674,)	4
(18210398,)	2
(18213508,)	3
(18215120,)	270
(18197624,)	16
(18198971,)	1
(18206781,)	1
(18220030,)	1
(18223077,)	14
(18208779,)	164
(18199450,)	10
(18220509,)	126
(18222507,)	6
(18223879,)	2
(18206383,)	22
(18207995,)	4
(18208944,)	1
(18203815,)	120
(18206069,)	8
(18207425,)	4
(18222697,)	16
(18205499,)	8
(18220129,)	1
(18216738,)	4
(18215689,)	3
(18213284,)	5
(18224523,)	3
(18221094,)	2
(18198193,)	1
(18219575,)	1
(18223185,)	18
(18197639,)	1
(18206713,)	2
(18208085,)	1
(18207036,)	1
(18213474,)	3
(18209034,)	25
(18223664,)	2
(18199730,)	25
(18220789,)	1
(18205110,)	18
(18204624,)	173
(18212434,)	1
(18208250,)	29
(18207201,)	2
(18216060,)	4
(18198283,)	1
(18205300,)	7
(18197969,)	10
(18196920,)	218
(18214613,)	3
(18201595,)	1
(18209405,)	10
(18218239,)	1
(18198448,)	84
(18205209,)	12
(18214043,)	22
(18209884,)	2
(18195880,)	11
(18200555,)	2
(18205944,)	1
(18211475,)	35
(18219516,)	5
(18205390,)	6
(18206746,)	1
(18209793,)	3
(18213175,)	3
(18223042,)	1
(18209000,)	4
(18221993,)	2
(18198084,)	7
(18203871,)	29
(18197035,)	1
(18208274,)	10
(18204820,)	8
(18214703,)	1
(18210528,)	1
(18213654,)	12
(18197514,)	50
(18205555,)	5
(18220953,)	1
(18223530,)	31
(18202987,)	1
(18211821,)	13
(18201619,)	54
(18210453,)	2
(18216224,)	44
(18222678,)	2
(18196646,)	1
(18207885,)	2
(18207092,)	1
(18216719,)	44
(18219061,)	1
(18213249,)	1
(18209090,)	3
(18218973,)	6
(18212779,)	31
(18211730,)	66
(18205166,)	1
(18210618,)	56
(18200265,)	1
(18208050,)	44
(18205645,)	5
(18220275,)	7
(18207001,)	1
(18196341,)	1
(18209271,)	83
(18223645,)	10
(18204126,)	151
(18211920,)	2
(18206124,)	8
(18220754,)	17
(18205075,)	8
(18222752,)	9
(18221719,)	21
(18197769,)	13
(18212415,)	1
(18207182,)	1
(18209180,)	33
(18204035,)	9
(18207661,)	2
(18214099,)	2
(18219886,)	67
(18213050,)	1
(18208891,)	9
(18212580,)	21
(18205744,)	10
(18211531,)	2
(18201560,)	28
(18210419,)	5
(18209370,)	14
(18200041,)	15
(18216685,)	1
(18209849,)	2
(18215636,)	33
(18213231,)	18
(18223098,)	1
(18224470,)	4
(18222049,)	1
(18200520,)	1
(18205925,)	10
(18211696,)	2
(18207281,)	2
(18204876,)	8
(18220530,)	53
(18216115,)	28
(18224949,)	10
(18221495,)	5
(18205355,)	8
(18211142,)	3
(18219960,)	18
(18208981,)	38
(18203836,)	19
(18197000,)	1
(18211621,)	1
(18207462,)	1
(18205041,)	4
(18216280,)	21
(18213875,)	3
(18224065,)	7
(18212100,)	1
(18205520,)	10
(18211307,)	18
(18201105,)	2
(18206892,)	2
(18196216,)	28
(18204001,)	4
(18197181,)	48
(18207371,)	2
(18210674,)	1
(18200065,)	1
(18199272,)	66
(18212265,)	2
(18208106,)	16
(18196141,)	1
(18224750,)	2
(18207536,)	2
(18213990,)	33
(18219207,)	48
(18208766,)	1
(18210852,)	6
(18213106,)	1
(18212380,)	1
(18201360,)	6
(18207147,)	1
(18213585,)	3
(18210194,)	69
(18214957,)	47
(18223791,)	1
(18205246,)	6
(18207626,)	3
(18214064,)	1
(18209905,)	1
(18217690,)	396
(18212545,)	1
(18214559,)	1
(18196396,)	28
(18207816,)	2
(18205411,)	24
(18209830,)	99
(18202499,)	2
(18204841,)	5
(18200682,)	2
(18210309,)	2
(18205320,)	12
(18211107,)	1
(18222988,)	26
(18217780,)	2
(18197237,)	1
(18202752,)	12
(18206071,)	15
(18205501,)	2
(18206857,)	27
(18196197,)	49
(18222129,)	22
(18218994,)	3
(18197146,)	1
(18205980,)	75
(18204931,)	9
(18209606,)	45
(18199253,)	24
(18206715,)	2
(18208087,)	2
(18205666,)	8
(18207038,)	1
(18217870,)	10
(18199732,)	6
(18211957,)	13
(18208566,)	1
(18220791,)	2
(18195792,)	1
(18197806,)	13
(18203577,)	3
(18199418,)	2
(18196757,)	98
(18205591,)	8
(18214434,)	37
(18223847,)	12
(18208731,)	38
(18205302,)	9
(18213087,)	33
(18222954,)	3
(18224326,)	1
(18196922,)	1
(18208161,)	1
(18214615,)	2
(18224805,)	3
(18203213,)	9
(18209886,)	2
(18208837,)	2
(18203692,)	40
(18223442,)	1
(18200557,)	1
(18204897,)	9
(18214780,)	1
(18224970,)	22
(18197607,)	1
(18207797,)	3
(18211163,)	30
(18196072,)	1
(18209795,)	3
(18223044,)	4
(18221995,)	5
(18200466,)	2
(18212691,)	2
(18207483,)	3
(18204822,)	5
(18200663,)	1
(18210530,)	75
(18209481,)	63
(18224102,)	23
(18197516,)	3
(18217266,)	1
(18205557,)	7
(18219906,)	1
(18209960,)	1
(18198251,)	33
(18223532,)	11
(18199623,)	1
(18198574,)	1
(18206036,)	10
(18211823,)	12
(18207392,)	35
(18210455,)	2
(18216226,)	1
(18200102,)	305
(18196632,)	2
(18212302,)	1
(18205466,)	1
(18207094,)	1
(18210141,)	1
(18213251,)	7
(18222110,)	25
(18202898,)	2
(18208622,)	42
(18214011,)	6
(18219542,)	3
(18200737,)	1
(18216407,)	1
(18212962,)	2
(18209571,)	19
(18203633,)	1
(18208052,)	15
(18205647,)	6
(18207003,)	2
(18216886,)	3
(18210050,)	97
(18224680,)	2
(18198341,)	3
(18203079,)	25
(18205077,)	9
(18210785,)	5
(18215548,)	1
(18195773,)	1
(18197771,)	6
(18199399,)	1
(18216027,)	1
(18213622,)	6
(18196252,)	5
(18223812,)	13
(18205267,)	8
(18220921,)	1
(18210710,)	18
(18213052,)	3
(18208893,)	4
(18223242,)	31
(18200357,)	2
(18211533,)	17
(18219318,)	1
(18196417,)	1
(18203178,)	1
(18200043,)	2
(18205432,)	10
(18220846,)	12
(18209851,)	2
(18215638,)	2
(18213217,)	4
(18223100,)	2
(18208802,)	20
(18200522,)	24
(18202864,)	7
(18212491,)	1
(18205927,)	8
(18211698,)	6
(18204878,)	1
(18201487,)	33
(18210330,)	1
(18216117,)	16
(18199952,)	19
(18207762,)	3
(18205357,)	5
(18211128,)	1
(18221011,)	1
(18214191,)	161
(18219962,)	1
(18196053,)	7
(18215803,)	1
(18213142,)	1
(18223009,)	26
(18205043,)	8
(18200628,)	3
(18209462,)	11
(18215233,)	19
(18203268,)	1
(18211309,)	5
(18220152,)	3
(18196218,)	20
(18209941,)	2
(18206001,)	9
(18211788,)	50
(18207373,)	3
(18204952,)	1
(18214835,)	2
(18213786,)	2
(18223208,)	41
(18206480,)	3
(18211218,)	13
(18207059,)	1
(18213497,)	3
(18210106,)	19
(18215893,)	21
(18222331,)	1
(18198397,)	23
(18200718,)	3
(18215323,)	1
(18208017,)	2
(18207224,)	1
(18206091,)	10
(18210854,)	71
(18200883,)	2
(18210766,)	8
(18222735,)	51
(18200413,)	20
(18196959,)	12
(18211333,)	2
(18204753,)	14
(18207149,)	1
(18199843,)	13
(18220902,)	2
(18207628,)	2
(18209907,)	1
(18208858,)	18
(18205727,)	19
(18211498,)	25
(18204678,)	1
(18220332,)	2
(18218171,)	96
(18211977,)	73
(18207818,)	3
(18205413,)	12
(18206769,)	16
(18213198,)	2
(18224437,)	3
(18200503,)	1
(18197058,)	2
(18205892,)	5
(18211679,)	2
(18204843,)	1
(18200684,)	2
(18213677,)	1
(18215289,)	39
(18224123,)	1
(18197537,)	22
(18202212,)	3
(18205322,)	7
(18196018,)	24
(18209997,)	1
(18213363,)	6
(18222990,)	1
(18203803,)	4
(18223553,)	44
(18197239,)	21
(18206057,)	2
(18205008,)	1
(18220422,)	1
(18213842,)	1
(18221652,)	1
(18200123,)	1
(18197718,)	159
(18196669,)	20
(18212323,)	1
(18211274,)	2
(18219084,)	1
(18210162,)	38
(18213272,)	1
(18197148,)	2
(18205982,)	13
(18211753,)	12
(18207594,)	3
(18204933,)	11
(18218426,)	31
(18223189,)	2
(18197883,)	2
(18208073,)	1
(18214527,)	10
(18196108,)	14
(18215858,)	2
(18206147,)	8
(18216337,)	1
(18195794,)	5
(18217583,)	397
(18200213,)	4
(18203579,)	16
(18205577,)	8
(18220223,)	19
(18216048,)	3
(18213387,)	1
(18204058,)	1
(18217013,)	1
(18203009,)	1
(18208733,)	1
(18210819,)	75
(18207684,)	1
(18214122,)	24
(18213073,)	1
(18224312,)	9
(18223279,)	1
(18202376,)	1
(18201599,)	196
(18207114,)	1
(18213552,)	15
(18204248,)	27
(18218227,)	34
(18205213,)	10
(18210984,)	1
(18208839,)	3
(18205948,)	5
(18207304,)	250
(18204899,)	2
(18210367,)	16
(18209318,)	3
(18206750,)	13
(18214212,)	1
(18197039,)	2
(18202810,)	9
(18207485,)	3
(18203289,)	45
(18202177,)	25
(18207964,)	14
(18216798,)	2
(18215749,)	2
(18199609,)	1
(18211809,)	1
(18220668,)	1
(18204989,)	8
(18200830,)	28
(18213823,)	1
(18221617,)	6
(18203470,)	59
(18217433,)	2
(18199055,)	1
(18205468,)	9
(18214302,)	51
(18210143,)	23
(18213253,)	1
(18212783,)	1
(18198741,)	20
(18211734,)	14
(18207575,)	3
(18205154,)	8
(18210622,)	14
(18195594,)	1
(18218407,)	1
(18217358,)	32
(18205633,)	7
(18215839,)	2
(18224682,)	4
(18198343,)	225
(18199699,)	14
(18197294,)	15
(18211924,)	1
(18206112,)	22
(18201953,)	1
(18205079,)	1
(18203544,)	1
(18196980,)	13
(18214401,)	2
(18207170,)	1
(18213608,)	3
(18196254,)	56
(18209168,)	20
(18216978,)	32
(18212089,)	1
(18211040,)	1
(18220923,)	3
(18201878,)	12
(18207649,)	3
(18214103,)	2
(18219874,)	2
(18222921,)	7
(18200359,)	1
(18209374,)	1
(18204229,)	23
(18198417,)	16
(18206227,)	10
(18212014,)	1
(18205434,)	4
(18209853,)	2
(18223409,)	15
(18200524,)	1
(18199475,)	5
(18208334,)	1
(18205913,)	31
(18207285,)	31
(18204864,)	73
(18214747,)	50
(18209283,)	1
(18224937,)	1
(18196525,)	1
(18206392,)	26
(18219964,)	1
(18224639,)	3
(18197004,)	2
(18211609,)	5
(18207450,)	3
(18205045,)	9
(18213879,)	2
(18196690,)	15
(18211311,)	1
(18214358,)	25
(18209943,)	2
(18218761,)	8
(18204005,)	24
(18223499,)	63
(18199590,)	48
(18211790,)	86
(18209629,)	13
(18208110,)	1
(18201274,)	2
(18215895,)	36
(18206168,)	1
(18207540,)	3
(18212929,)	1
(18209538,)	1
(18204649,)	25
(18197829,)	16
(18203600,)	1
(18202488,)	1
(18208019,)	3
(18207226,)	1
(18219195,)	1
(18215036,)	14
(18209224,)	1
(18206093,)	9
(18207705,)	15
(18213110,)	1
(18218562,)	2
(18224349,)	1
(18221928,)	1
(18223300,)	2
(18203525,)	2
(18199366,)	22
(18204755,)	1
(18207151,)	22
(18215994,)	2
(18196475,)	4
(18199845,)	11
(18206283,)	6
(18208679,)	2
(18214068,)	2
(18209909,)	2
(18222902,)	2
(18199531,)	31
(18196870,)	1
(18207341,)	3
(18196384,)	15
(18224993,)	1
(18222588,)	1
(18221539,)	61
(18196581,)	27
(18205415,)	7
(18209818,)	3
(18224439,)	9
(18222018,)	10
(18214712,)	23
(18209504,)	1
(18224918,)	6
(18224125,)	1
(18205324,)	1
(18211111,)	3
(18219929,)	3
(18201644,)	1
(18205010,)	6
(18218263,)	2
(18207910,)	34
(18205489,)	8
(18214323,)	1
(18196185,)	2
(18210164,)	32
(18212804,)	2
(18198762,)	9
(18207596,)	1
(18212985,)	2
(18209594,)	16
(18224224,)	3
(18202288,)	1
(18208075,)	2
(18205670,)	8
(18207026,)	1
(18209024,)	27
(18205100,)	7
(18208240,)	42
(18205579,)	7
(18207207,)	1
(18220688,)	2
(18214124,)	136
(18218543,)	1
(18224314,)	2
(18197975,)	14
(18211556,)	92
(18204720,)	8
(18214603,)	3
(18207116,)	3
(18223744,)	1
(18197405,)	17
(18205215,)	6
(18206827,)	2
(18219820,)	1
(18209874,)	1
(18222074,)	1
(18203680,)	44
(18202647,)	2
(18212514,)	1
(18205950,)	21
(18207306,)	2
(18210353,)	8
(18196365,)	2
(18221504,)	1
(18198942,)	1
(18211167,)	1
(18206736,)	2
(18196076,)	1
(18209799,)	5
(18215570,)	9
(18213165,)	1
(18218873,)	2
(18205859,)	9
(18207487,)	23
(18204810,)	8
(18209485,)	11
(18218319,)	3
(18224090,)	2
(18205545,)	1
(18204026,)	3
(18211811,)	1
(18207396,)	7
(18200816,)	56
(18216230,)	1
(18218484,)	58
(18196636,)	4
(18212290,)	5
(18207875,)	3
(18205470,)	1
(18207082,)	1
(18214288,)	2
(18210129,)	1
(18213255,)	3
(18222098,)	1
(18209080,)	1
(18218963,)	2
(18195596,)	17
(18204430,)	1
(18218393,)	1
(18223156,)	30
(18203637,)	577
(18196801,)	45
(18207007,)	37
(18216874,)	1
(18213445,)	1
(18219216,)	24
(18223635,)	10
(18212875,)	3
(18195761,)	26
(18209740,)	3
(18223321,)	1
(18211356,)	38
(18208221,)	15
(18207172,)	1
(18210219,)	59
(18209170,)	15
(18198510,)	29
(18216980,)	1
(18206304,)	3
(18208700,)	2
(18214089,)	1
(18219876,)	1
(18210698,)	1
(18213040,)	1
(18221874,)	2
(18212570,)	2
(18196891,)	3
(18205750,)	73
(18220355,)	1
(18210409,)	13
(18218194,)	22
(18203182,)	1
(18200047,)	9
(18220834,)	111
(18206792,)	41
(18209855,)	3
(18213221,)	19
(18198130,)	2
(18205915,)	7
(18224939,)	3
(18204396,)	1
(18207766,)	3
(18208971,)	1
(18218854,)	11
(18205824,)	10
(18205047,)	7
(18200616,)	40
(18216286,)	12
(18213865,)	3
(18196692,)	5
(18212346,)	95
(18205526,)	8
(18220156,)	7
(18209929,)	23
(18209136,)	26
(18204007,)	6
(18197171,)	11
(18204956,)	5
(18219586,)	2
(18210664,)	76
(18209631,)	1
(18218449,)	21
(18197650,)	40
(18203437,)	174
(18207063,)	1
(18210110,)	2
(18215881,)	2
(18224740,)	5
(18222335,)	1
(18198385,)	48
(18212750,)	58
(18206170,)	30
(18213980,)	3
(18200706,)	1
(18222814,)	1
(18224170,)	1
(18204651,)	28
(18197831,)	24
(18199187,)	1
(18206649,)	6
(18207228,)	1
(18211891,)	1
(18210754,)	1
(18215517,)	2
(18204560,)	18
(18205806,)	1
(18204757,)	8
(18207137,)	1
(18224830,)	1
(18203238,)	1
(18197426,)	20
(18212056,)	1
(18205236,)	9
(18207616,)	3
(18214070,)	3
(18209911,)	2
(18212551,)	4
(18205715,)	155
(18204922,)	8
(18219287,)	1
(18197616,)	1
(18211981,)	1
(18209820,)	3
(18212716,)	1
(18199442,)	1
(18205880,)	5
(18211667,)	14
(18207252,)	1
(18219452,)	1
(18215293,)	22
(18199153,)	12
(18206375,)	9
(18207987,)	2
(18205326,)	7
(18206938,)	1
(18219931,)	2
(18196022,)	1
(18218819,)	1
(18206061,)	17
(18200597,)	2
(18215202,)	1
(18203493,)	2
(18196657,)	48
(18206540,)	15
(18207896,)	3
(18205491,)	3
(18211278,)	1
(18220121,)	1
(18219072,)	1
(18196187,)	3
(18213276,)	13
(18222135,)	1
(18224515,)	1
(18197136,)	15
(18219567,)	1
(18200762,)	5
(18223177,)	19
(18206705,)	17
(18214515,)	17
(18220046,)	1
(18201241,)	19
(18207028,)	1
(18216911,)	3
(18197317,)	1
(18208556,)	1
(18206151,)	2
(18205102,)	14
(18213945,)	4
(18196747,)	2
(18206630,)	1
(18205581,)	10
(18207193,)	1
(18215003,)	22
(18209207,)	22
(18221416,)	1
(18198275,)	1
(18199903,)	2
(18197482,)	13
(18207672,)	40
(18216531,)	222
(18195963,)	1
(18203773,)	2
(18200382,)	3
(18199333,)	1
(18205771,)	12
(18211558,)	4
(18214605,)	15
(18207118,)	1
(18219343,)	1
(18221341,)	1
(18206250,)	8
(18212037,)	8
(18205201,)	8
(18220871,)	2
(18208827,)	14
(18203682,)	3
(18197118,)	17
(18205936,)	1
(18204903,)	7
(18210355,)	22
(18196367,)	1
(18209306,)	27
(18224960,)	150
(18204161,)	1
(18205382,)	1
(18214200,)	64
(18213167,)	3
(18203863,)	1
(18217826,)	1
(18223613,)	29
(18197027,)	2
(18198655,)	2
(18208266,)	312
(18207473,)	3
(18204812,)	13
(18213646,)	1
(18217256,)	2
(18207952,)	1
(18205547,)	1
(18201132,)	23
(18213332,)	2
(18224571,)	3
(18221142,)	43
(18198241,)	2
(18204028,)	3
(18206026,)	7
(18207398,)	1
(18204977,)	7
(18200818,)	1
(18213811,)	25
(18209652,)	13
(18215183,)	1
(18196638,)	1
(18212292,)	2
(18205456,)	5
(18211243,)	22
(18220102,)	112
(18207084,)	1
(18203937,)	2
(18212771,)	1
(18205158,)	10
(18212952,)	3
(18200257,)	1
(18205637,)	7
(18201222,)	1
(18206993,)	1
(18219218,)	2
(18217057,)	19
(18197282,)	26
(18207728,)	3
(18213926,)	6
(18200908,)	1
(18222744,)	3
(18204597,)	2
(18203548,)	4
(18199389,)	2
(18207174,)	30
(18206306,)	12
(18214091,)	1
(18199298,)	1
(18205736,)	7
